time,lat,lon,elevation,accuracy,bearing,speed,satellites,provider,hdop,vdop,pdop,geoidheight,ageofdgpsdata,dgpsid
2016-12-10T06:25:44Z,-37.814246,145.160780,,19.391,,,0,network,,,,,,
2016-12-10T06:25:51Z,-37.814333,145.160668,104.3,12.9,0.0,0.0,0,gps,1.68,1.00,2.81,-3.8,,
2016-12-10T06:25:53Z,-37.814233,145.160852,106.8,8.4,0.0,0.0,5,gps,1.68,0.97,1.94,-3.8,,
2016-12-10T06:25:55Z,-37.814215,145.160905,106.8,6.8,0.0,0.19044723,7,gps,1.22,0.85,1.49,-3.8,,
2016-12-10T06:25:55Z,-37.814093,145.160651,,21.852,,,0,network,,,,,,
2016-12-10T06:25:58Z,-37.814203,145.160928,105.0,5.9,186.36,1.3758525,7,gps,1.22,0.85,1.49,-3.8,,
2016-12-10T06:26:00Z,-37.814225,145.160932,102.7,5.5,194.49,1.1756256,7,gps,1.22,0.85,1.49,-3.8,,
2016-12-10T06:26:01Z,-37.814217,145.160913,104.6,10.1,195.9,0.0,7,gps,1.10,0.85,1.49,-3.8,,
2016-12-10T06:26:03Z,-37.814183,145.160908,110.8,7.4,308.53,0.23008083,8,gps,1.10,0.84,1.38,-3.8,,
2016-12-10T06:26:05Z,-37.814170,145.160873,113.7,6.8,308.53,0.0,8,gps,1.10,0.84,1.38,-3.8,,
2016-12-10T06:26:07Z,-37.814170,145.160825,115.1,6.5,308.53,0.0,8,gps,1.10,0.84,1.38,-3.8,,
2016-12-10T06:26:09Z,-37.814165,145.160820,114.5,6.0,308.53,0.0,8,gps,1.10,0.84,1.38,-3.8,,
2016-12-10T06:26:11Z,-37.814173,145.160747,114.8,5.9,308.53,0.0,8,gps,1.10,0.84,1.38,-3.8,,
2016-12-10T06:26:13Z,-37.814177,145.160712,115.8,5.7,308.53,0.0,9,gps,0.87,0.77,1.16,-3.8,,
2016-12-10T06:26:14Z,-37.814182,145.160720,116.1,5.5,308.53,0.0,9,gps,,,,-3.8,,
2016-12-10T06:26:16Z,-37.814180,145.160727,116.7,5.4,258.13,0.0,9,gps,0.87,0.77,1.16,-3.8,,
2016-12-10T06:26:18Z,-37.814178,145.160730,117.6,5.3,258.13,0.0,9,gps,,,,-3.8,,
2016-12-10T06:26:20Z,-37.814163,145.160743,118.6,5.2,258.13,0.0,9,gps,0.87,0.77,1.16,-3.8,,
2016-12-10T06:26:22Z,-37.814157,145.160740,118.9,5.1,258.13,0.0,9,gps,0.87,0.77,1.16,-3.8,,
2016-12-10T06:26:24Z,-37.814172,145.160725,120.9,5.1,258.13,0.0,8,gps,0.97,0.83,1.28,-3.8,,
2016-12-10T06:26:26Z,-37.814097,145.160755,125.9,4.7,351.42,1.0860639,9,gps,0.87,0.77,1.16,-3.8,,
2016-12-10T06:26:28Z,-37.814055,145.160772,128.1,4.3,15.57,2.0666096,9,gps,0.87,0.77,1.16,-3.8,,
2016-12-10T06:26:29Z,-37.814037,145.160773,128.6,4.1,21.29,2.3538246,9,gps,0.87,0.77,1.16,-3.8,,
2016-12-10T06:26:31Z,-37.813990,145.160790,128.5,3.9,14.77,2.9159014,9,gps,0.88,1.21,1.50,-3.8,,
2016-12-10T06:26:33Z,-37.813943,145.160807,127.8,3.8,12.51,2.9364903,9,gps,0.88,1.22,1.50,-3.8,,
2016-12-10T06:26:35Z,-37.813887,145.160837,127.6,3.6,19.72,3.639086,9,gps,0.88,,,-3.8,,
2016-12-10T06:26:37Z,-37.813865,145.160823,126.2,3.6,307.14,0.64288807,9,gps,0.88,1.22,1.50,-3.8,,
2016-12-10T06:26:40Z,-37.813870,145.160868,124.9,3.4,104.09,1.6069628,9,gps,0.87,0.77,1.16,-3.8,,
2016-12-10T06:26:42Z,-37.813883,145.160905,123.9,3.2,115.31,2.1119053,9,gps,0.88,1.22,1.50,-3.8,,
2016-12-10T06:26:44Z,-37.813900,145.160950,122.5,3.1,116.43,2.3373537,9,gps,,,,-3.8,,
2016-12-10T06:26:44Z,-37.813910,145.160867,,22.197,,,0,network,,,,,,
2016-12-10T06:26:47Z,-37.813918,145.161003,121.4,3.1,288.15,1.2193769,9,gps,0.87,0.77,1.16,-3.8,,
2016-12-10T06:26:48Z,-37.813920,145.161005,121.1,3.1,257.19,0.62178445,9,gps,0.88,1.22,1.50,-3.8,,
2016-12-10T06:26:50Z,-37.813937,145.161038,120.1,3.1,112.93,1.8385878,9,gps,0.87,0.77,1.16,-3.8,,
2016-12-10T06:26:51Z,-37.813943,145.161060,119.7,3.2,98.93,2.1813927,9,gps,0.87,0.77,1.16,-3.8,,
2016-12-10T06:26:53Z,-37.813955,145.161113,119.5,3.2,101.17,2.5283155,9,gps,0.88,1.21,1.50,-3.8,,
2016-12-10T06:26:55Z,-37.813965,145.161173,119.1,3.2,94.31,3.4290795,9,gps,0.88,1.21,1.50,-3.8,,
2016-12-10T06:26:55Z,-37.813910,145.160867,,19.661,,,0,network,,,,,,
2016-12-10T06:26:58Z,-37.813998,145.161265,119.1,3.2,175.63,1.6918919,9,gps,0.88,1.21,1.50,-3.8,,
2016-12-10T06:26:59Z,-37.814015,145.161272,119.2,3.2,189.08,1.7526292,9,gps,0.88,1.21,1.50,-3.8,,
2016-12-10T06:27:01Z,-37.814043,145.161320,119.6,3.1,145.05,2.8320017,9,gps,0.88,1.21,1.50,-3.8,,
2016-12-10T06:27:03Z,-37.814078,145.161383,119.2,3.0,148.13,3.2051752,9,gps,0.88,1.21,1.50,-3.8,,
2016-12-10T06:27:05Z,-37.814103,145.161442,120.7,2.9,175.59,2.8556788,9,gps,0.88,1.21,1.50,-3.8,,
2016-12-10T06:27:07Z,-37.814145,145.161448,120.2,2.9,187.83,3.00186,9,gps,0.88,1.21,1.50,-3.8,,
2016-12-10T06:27:07Z,-37.813988,145.161858,,23.113,,,0,network,,,,,,
2016-12-10T06:27:10Z,-37.814222,145.161445,120.8,2.9,192.42,1.6254928,9,gps,0.88,1.21,1.50,-3.8,,
2016-12-10T06:27:12Z,-37.814270,145.161462,120.4,2.9,181.22,2.0156522,9,gps,0.87,0.77,1.16,-3.8,,
2016-12-10T06:27:14Z,-37.814312,145.161470,119.8,2.9,187.15,3.328194,9,gps,0.88,1.21,1.50,-3.8,,
2016-12-10T06:27:16Z,-37.814362,145.161465,119.2,3.0,193.31,3.090392,9,gps,0.88,1.21,1.50,-3.8,,
2016-12-10T06:27:18Z,-37.814398,145.161462,116.7,3.0,202.51,2.7290573,9,gps,0.88,1.21,1.50,-3.8,,
2016-12-10T06:27:18Z,-37.814647,145.161427,,20.909,,,0,network,,,,,,
2016-12-10T06:27:21Z,-37.814482,145.161457,115.1,3.1,132.82,2.647731,9,gps,0.87,0.77,1.16,-3.8,,
2016-12-10T06:27:23Z,-37.814512,145.161473,114.1,3.1,168.9,1.2512897,9,gps,0.88,1.21,1.50,-3.8,,
2016-12-10T06:27:24Z,-37.814532,145.161468,113.4,3.1,205.0,2.2019818,9,gps,0.87,0.77,1.16,-3.8,,
2016-12-10T06:27:26Z,-37.814565,145.161462,112.0,3.1,190.74,2.2951465,9,gps,0.88,1.21,1.50,-3.8,,
2016-12-10T06:27:28Z,-37.814603,145.161450,111.4,3.1,191.97,2.4469895,9,gps,0.88,1.21,1.50,-3.8,,
2016-12-10T06:27:30Z,-37.814655,145.161435,110.8,3.1,197.71,2.740381,9,gps,0.88,1.21,1.50,-3.8,,
2016-12-10T06:27:30Z,-37.814530,145.161514,,20.952,,,0,network,,,,,,
2016-12-10T06:27:33Z,-37.814733,145.161425,109.8,3.1,187.01,2.0434473,9,gps,0.88,1.21,1.50,-3.8,,
2016-12-10T06:27:34Z,-37.814750,145.161425,109.3,3.1,188.38,1.6105658,9,gps,0.88,1.21,1.50,-3.8,,
2016-12-10T06:27:36Z,-37.814765,145.161442,107.5,3.2,45.81,1.4365897,9,gps,0.87,0.77,1.16,-3.8,,
2016-12-10T06:27:38Z,-37.814788,145.161430,107.4,3.1,199.9,0.0,9,gps,0.87,0.77,1.16,-3.8,,
2016-12-10T06:27:40Z,-37.814835,145.161418,106.6,3.1,195.59,2.6415544,9,gps,0.87,0.77,1.16,-3.8,,
2016-12-10T06:27:32Z,-37.814984,145.161341,,20.464,,,0,network,,,,,,
2016-12-10T06:27:43Z,-37.814900,145.161388,105.7,3.1,196.32,2.5900822,9,gps,0.88,1.21,1.50,-3.8,,
2016-12-10T06:27:45Z,-37.814938,145.161378,105.4,3.2,194.21,2.0774188,9,gps,0.88,1.21,1.50,-3.8,,
2016-12-10T06:27:46Z,-37.814953,145.161373,105.3,3.1,195.25,1.9188844,9,gps,0.88,1.21,1.50,-3.8,,
2016-12-10T06:27:48Z,-37.814983,145.161367,104.8,3.1,186.98,1.6136541,9,gps,0.87,0.77,1.16,-3.8,,
2016-12-10T06:27:50Z,-37.815047,145.161360,105.7,3.1,193.84,1.8596914,9,gps,0.87,0.77,1.16,-3.8,,
2016-12-10T06:27:52Z,-37.815097,145.161350,106.3,3.0,188.65,2.1844811,9,gps,0.87,0.77,1.16,-3.8,,
2016-12-10T06:27:52Z,-37.815013,145.161427,,20.792,,,0,network,,,,,,
2016-12-10T06:27:55Z,-37.815182,145.161327,107.0,3.0,284.12,0.50031,9,gps,0.88,1.21,1.50,-3.8,,
2016-12-10T06:27:56Z,-37.815198,145.161313,107.1,2.9,247.45,0.73605275,9,gps,0.88,1.21,1.50,-3.8,,
2016-12-10T06:27:58Z,-37.815232,145.161298,107.3,2.9,221.5,1.1200355,9,gps,0.87,0.77,1.16,-3.8,,
2016-12-10T06:27:59Z,-37.815257,145.161292,107.5,3.0,200.87,1.9626359,9,gps,0.87,0.77,1.16,-3.8,,
2016-12-10T06:28:01Z,-37.815308,145.161287,107.6,2.9,172.71,2.2297766,9,gps,0.87,0.77,1.16,-3.8,,
2016-12-10T06:28:03Z,-37.815355,145.161288,107.4,2.9,189.09,1.9327819,9,gps,0.88,1.21,1.50,-3.8,,
2016-12-10T06:28:03Z,-37.815656,145.161168,,21.324,,,0,network,,,,,,
2016-12-10T06:28:06Z,-37.815445,145.161287,108.2,2.9,195.66,1.5220336,9,gps,0.88,1.21,1.50,-3.8,,
2016-12-10T06:28:08Z,-37.815478,145.161275,107.8,2.9,203.0,1.4134272,9,gps,0.87,0.77,1.16,-3.8,,
2016-12-10T06:28:10Z,-37.815558,145.161262,107.5,2.9,190.79,3.8907852,9,gps,0.87,0.77,1.16,-3.8,,
2016-12-10T06:28:12Z,-37.815632,145.161247,106.9,2.9,187.95,3.2319407,9,gps,0.88,1.21,1.50,-3.8,,
2016-12-10T06:28:14Z,-37.815707,145.161232,106.8,2.9,190.42,3.8665934,9,gps,0.88,1.21,1.50,-3.8,,
2016-12-10T06:28:14Z,-37.815971,145.161125,,19.748,,,0,network,,,,,,
2016-12-10T06:28:17Z,-37.815813,145.161192,105.6,2.9,205.81,1.736158,9,gps,0.87,0.77,1.16,-3.8,,
2016-12-10T06:28:19Z,-37.815868,145.161165,105.1,2.9,214.24,2.438239,9,gps,0.87,0.77,1.16,-3.8,,
2016-12-10T06:28:21Z,-37.815940,145.161153,104.4,3.0,185.28,3.6231296,9,gps,0.88,1.21,1.50,-3.8,,
2016-12-10T06:28:23Z,-37.815997,145.161138,103.8,2.9,195.25,3.009066,9,gps,0.88,1.21,1.50,-3.8,,
2016-12-10T06:28:25Z,-37.816057,145.161125,103.9,2.9,189.63,3.152159,9,gps,0.87,0.77,1.16,-3.8,,
2016-12-10T06:28:25Z,-37.815949,145.161168,,23.457,,,0,network,,,,,,
2016-12-10T06:28:28Z,-37.816153,145.161108,103.7,2.9,231.59,1.4386486,9,gps,0.87,0.77,1.16,-3.8,,
2016-12-10T06:28:30Z,-37.816183,145.161103,103.5,2.9,229.36,0.99444336,9,gps,0.87,0.77,1.16,-3.8,,
2016-12-10T06:28:32Z,-37.816232,145.161093,103.6,2.9,184.96,2.2683809,9,gps,0.87,0.77,1.16,-3.8,,
2016-12-10T06:28:34Z,-37.816288,145.161093,103.4,2.9,187.2,2.820163,9,gps,0.88,1.21,1.50,-3.8,,
2016-12-10T06:28:36Z,-37.816342,145.161085,103.1,2.9,200.1,2.2874255,9,gps,0.88,1.21,1.50,-3.8,,
2016-12-10T06:28:36Z,-37.816856,145.160824,,22.516,,,0,network,,,,,,
2016-12-10T06:28:39Z,-37.816407,145.161088,102.2,3.1,165.25,2.2349238,9,gps,0.87,1.21,1.50,-3.8,,
2016-12-10T06:28:41Z,-37.816408,145.161075,101.5,3.2,346.89,0.42413113,9,gps,0.87,0.77,1.16,-3.8,,
2016-12-10T06:28:42Z,-37.816423,145.161073,101.2,3.2,201.16,1.2940117,9,gps,0.87,0.77,1.16,-3.8,,
2016-12-10T06:28:44Z,-37.816463,145.161058,100.5,3.3,197.73,2.6374366,9,gps,0.87,0.77,1.16,-3.8,,
2016-12-10T06:28:46Z,-37.816482,145.161053,100.1,3.2,177.09,0.61149,9,gps,0.88,1.21,1.50,-3.8,,
2016-12-10T06:28:48Z,-37.816532,145.161042,99.7,3.2,197.35,1.4494578,9,gps,0.87,0.77,1.16,-3.8,,
2016-12-10T06:28:48Z,-37.816885,145.160910,,19.321,,,0,network,,,,,,
2016-12-10T06:28:51Z,-37.816628,145.161022,99.7,3.2,202.08,2.0357263,9,gps,0.88,1.21,1.50,-3.8,,
2016-12-10T06:28:53Z,-37.816660,145.161028,99.9,3.2,191.05,0.0,9,gps,0.87,0.77,1.16,-3.8,,
2016-12-10T06:28:55Z,-37.816687,145.161023,99.5,3.2,190.08,1.7629236,9,gps,0.87,0.77,1.16,-3.8,,
2016-12-10T06:28:57Z,-37.816707,145.161012,99.4,3.2,186.38,1.3773967,9,gps,0.87,0.77,1.16,-3.8,,
2016-12-10T06:28:59Z,-37.816755,145.160992,98.8,3.1,200.79,2.3764725,9,gps,0.87,0.77,1.16,-3.8,,
2016-12-10T06:28:59Z,-37.816987,145.160996,,20.618,,,0,network,,,,,,
2016-12-10T06:29:02Z,-37.816832,145.160938,99.9,3.0,264.37,3.4975376,9,gps,0.88,1.21,1.50,-3.8,,
2016-12-10T06:29:04Z,-37.816870,145.160900,100.8,3.0,231.44,1.3876911,9,gps,0.88,1.21,1.50,-3.8,,
2016-12-10T06:29:06Z,-37.816918,145.160887,101.1,3.0,198.31,1.7335844,9,gps,0.87,0.77,1.16,-3.8,,
2016-12-10T06:29:08Z,-37.816978,145.160880,101.9,3.0,189.08,1.9811659,9,gps,0.87,0.77,1.16,-3.8,,
2016-12-10T06:29:10Z,-37.817032,145.160872,102.8,2.9,209.5,1.917855,9,gps,0.87,0.77,1.16,-3.8,,
2016-12-10T06:29:10Z,-37.817060,145.160996,,20.934,,,0,network,,,,,,
2016-12-10T06:29:13Z,-37.817140,145.160838,103.8,2.9,244.0,1.8818245,9,gps,0.88,1.21,1.50,-3.8,,
2016-12-10T06:29:15Z,-37.817173,145.160812,104.2,3.0,241.92,1.5143127,9,gps,0.87,0.77,1.16,-3.8,,
2016-12-10T06:29:17Z,-37.817217,145.160800,104.1,3.0,216.72,2.3862522,9,gps,0.87,0.77,1.16,-3.8,,
2016-12-10T06:29:19Z,-37.817273,145.160797,104.1,3.0,188.09,3.051788,9,gps,0.88,1.21,1.50,-3.8,,
2016-12-10T06:29:21Z,-37.817332,145.160790,104.6,3.0,190.46,2.6019208,9,gps,0.88,1.21,1.49,-3.8,,
2016-12-10T06:29:21Z,-37.818099,145.160392,,20.97,,,0,network,,,,,,
2016-12-10T06:29:24Z,-37.817455,145.160812,105.5,3.0,178.9,2.4912555,9,gps,0.87,0.77,1.16,-3.8,,
2016-12-10T06:29:26Z,-37.817500,145.160807,105.2,3.1,199.53,2.151024,9,gps,0.88,1.21,1.49,-3.8,,
2016-12-10T06:29:28Z,-37.817557,145.160798,105.0,3.1,187.54,2.9081805,9,gps,0.88,1.21,1.49,-3.8,,
2016-12-10T06:29:30Z,-37.817622,145.160787,105.0,3.1,195.27,2.7094977,9,gps,0.88,1.21,1.49,-3.8,,
2016-12-10T06:29:32Z,-37.817690,145.160780,105.6,3.1,188.43,2.6873648,9,gps,0.88,1.21,1.49,-3.8,,
2016-12-10T06:29:32Z,-37.817792,145.160565,,25.548,,,0,network,,,,,,
2016-12-10T06:29:35Z,-37.817798,145.160802,107.0,3.1,138.22,2.7244248,9,gps,0.87,0.77,1.16,-3.8,,
2016-12-10T06:29:37Z,-37.817815,145.160815,107.9,3.1,88.0,0.7710539,9,gps,0.88,1.21,1.49,-3.8,,
2016-12-10T06:29:39Z,-37.817828,145.160855,108.6,3.1,100.03,2.1927166,9,gps,0.87,0.77,1.16,-3.8,,
2016-12-10T06:29:40Z,-37.817838,145.160878,108.9,3.2,100.02,2.0583742,9,gps,0.87,0.77,1.16,-3.8,,
2016-12-10T06:29:42Z,-37.817862,145.160928,110.3,3.1,91.42,2.0383,9,gps,0.88,1.21,1.49,-3.8,,
2016-12-10T06:29:43Z,-37.817873,145.160952,111.2,3.1,96.89,2.3713253,9,gps,0.88,1.21,1.49,-3.8,,
2016-12-10T06:29:45Z,-37.817885,145.160995,111.8,3.1,104.92,2.0583742,9,gps,0.87,1.21,1.49,-3.8,,
2016-12-10T06:29:46Z,-37.817905,145.161047,112.4,3.1,115.55,4.995379,9,gps,0.88,1.21,1.49,-3.8,,
2016-12-10T06:29:47Z,-37.817917,145.161085,112.7,3.2,108.64,4.0508637,9,gps,0.88,1.21,1.49,-3.8,,
2016-12-10T06:29:49Z,-37.817947,145.161168,113.5,3.3,110.35,3.7821789,9,gps,,,,-3.8,,
2016-12-10T06:29:51Z,-37.817948,145.161165,114.3,3.3,103.95,1.6779945,9,gps,0.87,0.77,1.16,-3.8,,
2016-12-10T06:29:52Z,-37.817950,145.161187,114.6,3.3,85.51,2.125288,9,gps,0.87,0.77,1.16,-3.8,,
2016-12-10T06:29:53Z,-37.817948,145.161222,114.9,3.2,89.77,2.5097857,9,gps,0.88,,,-3.8,,
2016-12-10T06:29:55Z,-37.817945,145.161275,114.7,3.2,83.27,2.6559668,9,gps,0.88,1.21,1.49,-3.8,,
2016-12-10T06:29:57Z,-37.817950,145.161332,115.4,3.2,89.42,2.6482458,9,gps,0.88,1.21,1.49,-3.8,,
2016-12-10T06:29:57Z,-37.817819,145.161514,,20.229,,,0,network,,,,,,
2016-12-10T06:30:00Z,-37.817942,145.161423,116.3,3.1,88.9,2.9133277,9,gps,0.87,0.77,1.16,-3.8,,
2016-12-10T06:30:01Z,-37.817938,145.161463,116.2,3.2,89.21,3.0914216,9,gps,0.87,0.77,1.16,-3.8,,
2016-12-10T06:30:03Z,-37.817933,145.161465,116.9,3.2,84.14,1.9389586,9,gps,0.87,0.77,1.16,-3.8,,
2016-12-10T06:30:05Z,-37.817933,145.161513,116.5,3.1,88.26,2.3816197,9,gps,0.87,0.77,1.16,-3.8,,
2016-12-10T06:30:07Z,-37.817940,145.161583,117.3,3.0,87.09,2.7223659,9,gps,0.88,1.21,1.49,-3.8,,
2016-12-10T06:30:09Z,-37.817955,145.161670,118.9,2.9,89.76,2.3183088,9,gps,0.88,1.21,1.49,-3.8,,
2016-12-10T06:30:09Z,-37.817775,145.161600,,19.713,,,0,network,,,,,,
2016-12-10T06:30:12Z,-37.817958,145.161818,121.5,2.9,132.15,1.9430764,9,gps,0.87,0.77,1.16,-3.8,,
2016-12-10T06:30:13Z,-37.817967,145.161843,121.8,2.9,144.28,1.3809997,9,gps,0.88,1.21,1.49,-3.8,,
2016-12-10T06:30:15Z,-37.817972,145.161907,121.9,2.8,91.18,2.636922,9,gps,0.87,0.77,1.16,-3.8,,
2016-12-10T06:30:17Z,-37.817968,145.161980,122.1,2.8,90.79,3.0662003,9,gps,0.88,1.21,1.49,-3.8,,
2016-12-10T06:30:19Z,-37.817963,145.162055,122.2,2.8,89.43,3.1212757,9,gps,0.87,0.77,1.16,-3.8,,
2016-12-10T06:30:21Z,-37.817963,145.162133,122.4,2.8,92.5,3.3637097,9,gps,0.88,1.21,1.49,-3.8,,
2016-12-10T06:30:21Z,-37.818039,145.161514,,23.973,,,0,network,,,,,,
2016-12-10T06:30:24Z,-37.817950,145.162263,123.6,2.8,127.5,2.4150767,9,gps,0.87,0.77,1.16,-3.8,,
2016-12-10T06:30:26Z,-37.817977,145.162313,123.0,2.8,117.6,2.1978638,9,gps,0.88,0.77,1.16,-3.8,,
2016-12-10T06:30:28Z,-37.817985,145.162395,123.3,2.7,93.95,2.897886,9,gps,0.88,1.21,1.49,-3.8,,
2016-12-10T06:30:30Z,-37.817987,145.162473,123.3,2.7,90.85,2.8623703,9,gps,0.88,1.21,1.49,-3.8,,
2016-12-10T06:30:32Z,-37.817985,145.162555,123.7,2.7,91.79,3.3837838,9,gps,0.88,1.21,1.49,-3.8,,
2016-12-10T06:30:32Z,-37.817656,145.162980,,21.393,,,0,network,,,,,,
2016-12-10T06:30:35Z,-37.817975,145.162665,124.3,2.7,109.15,0.77465695,9,gps,0.88,1.21,1.49,-3.8,,
2016-12-10T06:30:37Z,-37.817968,145.162687,122.6,2.7,95.77,1.4525461,9,gps,0.87,0.77,1.16,-3.8,,
2016-12-10T06:30:39Z,-37.817962,145.162740,121.0,2.7,84.26,2.6266274,9,gps,0.87,0.77,1.16,-3.8,,
2016-12-10T06:30:41Z,-37.817953,145.162798,119.6,2.7,88.59,2.6271422,9,gps,0.88,1.21,1.49,-3.8,,
2016-12-10T06:30:43Z,-37.817948,145.162860,118.1,2.7,86.8,2.7820735,9,gps,0.88,1.21,1.49,-3.8,,
2016-12-10T06:30:43Z,-37.817714,145.163152,,19.786,,,0,network,,,,,,
2016-12-10T06:30:46Z,-37.817938,145.162950,118.0,2.7,230.59,1.4298984,9,gps,0.87,0.77,1.16,-3.8,,
2016-12-10T06:30:47Z,-37.817943,145.162963,117.7,2.7,121.96,0.90076387,9,gps,0.88,1.21,1.49,-3.8,,
2016-12-10T06:30:49Z,-37.817948,145.163015,117.7,2.8,93.96,2.195805,9,gps,0.87,0.77,1.16,-3.8,,
2016-12-10T06:30:51Z,-37.817955,145.163072,117.7,2.8,94.41,2.4825053,9,gps,0.88,1.21,1.49,-3.8,,
2016-12-10T06:30:53Z,-37.817962,145.163127,117.6,2.8,90.7,1.9857984,9,gps,0.88,1.21,1.49,-3.8,,
2016-12-10T06:30:55Z,-37.817957,145.163173,117.4,2.9,83.19,2.2802196,9,gps,0.88,1.21,1.49,-3.8,,
2016-12-10T06:30:55Z,-37.817743,145.163238,,21.18,,,0,network,,,,,,
2016-12-10T06:30:58Z,-37.817952,145.163295,117.1,2.9,111.21,2.049624,9,gps,0.88,1.21,1.49,-3.8,,
2016-12-10T06:31:00Z,-37.817967,145.163347,116.5,2.9,114.41,2.1381562,9,gps,0.88,1.21,1.49,-3.8,,
2016-12-10T06:31:01Z,-37.817972,145.163347,116.2,2.9,224.46,1.8416761,9,gps,0.88,1.21,1.49,-3.8,,
2016-12-10T06:31:03Z,-37.817992,145.163350,114.1,3.0,186.49,1.0263561,9,gps,0.88,1.21,1.49,-3.8,,
2016-12-10T06:31:05Z,-37.817998,145.163388,113.4,3.1,111.33,1.6249781,9,gps,0.87,1.21,1.49,-3.8,,
2016-12-10T06:31:07Z,-37.817998,145.163443,113.6,3.1,94.32,2.3780167,9,gps,0.88,1.21,1.49,-3.8,,
2016-12-10T06:31:09Z,-37.818003,145.163518,113.8,3.1,92.85,2.647731,9,gps,0.88,1.21,1.49,-3.8,,
2016-12-10T06:31:11Z,-37.817995,145.163623,116.2,3.0,74.92,4.28043,9,gps,0.87,1.21,1.49,-3.8,,
2016-12-10T06:31:13Z,-37.818007,145.163660,117.1,3.0,182.62,1.5096803,9,gps,0.87,1.21,1.49,-3.8,,
2016-12-10T06:31:15Z,-37.818017,145.163705,120.1,3.0,87.1,1.8257197,9,gps,0.87,1.21,1.49,-3.8,,
2016-12-10T06:31:17Z,-37.818013,145.163767,121.2,2.9,87.9,2.8283987,9,gps,0.88,1.21,1.49,-3.8,,
2016-12-10T06:31:19Z,-37.818022,145.163843,123.2,2.9,95.67,2.64979,9,gps,0.87,1.21,1.49,-3.8,,
2016-12-10T06:31:21Z,-37.818035,145.163928,124.1,2.8,96.33,2.1263175,9,gps,0.87,1.21,1.49,-3.8,,
2016-12-10T06:31:21Z,-37.817931,145.164446,,21.261,,,0,network,,,,,,
2016-12-10T06:31:24Z,-37.818043,145.164017,124.6,2.9,197.2,1.5246072,9,gps,0.87,1.21,1.49,-3.8,,
2016-12-10T06:31:26Z,-37.818067,145.164025,124.8,3.0,193.8,1.5091655,9,gps,0.87,1.21,1.49,-3.8,,
2016-12-10T06:31:28Z,-37.818067,145.164083,124.6,3.0,89.76,2.18654,9,gps,0.87,1.21,1.49,-3.8,,
2016-12-10T06:31:29Z,-37.818072,145.164115,125.0,3.0,95.93,2.1834517,9,gps,0.87,1.21,1.49,-3.8,,
2016-12-10T06:31:31Z,-37.818070,145.164172,124.9,2.9,92.53,1.8550589,9,gps,0.87,1.21,1.49,-3.8,,
2016-12-10T06:31:33Z,-37.818068,145.164237,124.5,2.9,92.37,2.3960319,9,gps,0.88,1.21,1.49,-3.8,,
2016-12-10T06:31:33Z,-37.818193,145.164791,,20.649,,,0,network,,,,,,
2016-12-10T06:31:36Z,-37.818062,145.164398,128.2,2.8,114.74,1.9991812,9,gps,0.87,1.21,1.49,-3.8,,
2016-12-10T06:31:38Z,-37.818077,145.164477,128.5,2.8,101.11,2.4243417,9,gps,0.87,1.21,1.49,-3.8,,
2016-12-10T06:31:40Z,-37.818077,145.164555,129.7,2.8,93.21,3.0970836,9,gps,0.87,1.21,1.49,-3.8,,
2016-12-10T06:31:42Z,-37.818073,145.164630,130.6,2.7,94.36,2.8505316,9,gps,0.87,1.20,1.49,-3.8,,
2016-12-10T06:31:44Z,-37.818072,145.164705,131.0,2.7,96.31,2.5303745,9,gps,0.87,1.21,1.49,-3.8,,
2016-12-10T06:31:46Z,-37.818072,145.164775,131.4,2.7,92.72,2.9977422,9,gps,0.87,1.21,1.49,-3.8,,
2016-12-10T06:31:48Z,-37.818075,145.164818,133.5,2.7,147.25,0.93988276,9,gps,0.87,1.21,1.49,-3.8,,
2016-12-10T06:31:50Z,-37.818087,145.164858,133.3,2.7,99.16,1.9487383,9,gps,0.87,1.20,1.49,-3.8,,
2016-12-10T06:31:52Z,-37.818088,145.164915,133.5,2.8,92.65,2.3502216,9,gps,0.87,1.21,1.49,-3.8,,
2016-12-10T06:31:54Z,-37.818088,145.164977,133.8,2.9,89.58,2.4541955,9,gps,0.87,1.20,1.49,-3.8,,
2016-12-10T06:31:56Z,-37.818083,145.165040,134.1,3.0,81.93,2.3836787,9,gps,0.87,1.20,1.49,-3.8,,
2016-12-10T06:31:56Z,-37.818119,145.165222,,19.794,,,0,network,,,,,,
2016-12-10T06:32:00Z,-37.818052,145.165192,135.5,3.0,116.37,3.3477533,9,gps,0.87,1.20,1.49,-3.8,,
2016-12-10T06:32:02Z,-37.818048,145.165225,133.8,3.1,70.71,1.2090825,9,gps,0.87,1.20,1.49,-3.8,,
2016-12-10T06:32:03Z,-37.818037,145.165257,134.6,3.0,70.14,2.7630289,9,gps,0.87,1.20,1.49,-3.8,,
2016-12-10T06:32:05Z,-37.818018,145.165325,134.8,3.0,75.43,2.7048652,9,gps,0.87,1.20,1.49,-3.8,,
2016-12-10T06:32:07Z,-37.818010,145.165387,134.6,3.1,85.88,2.6482458,9,gps,0.87,1.20,1.49,-3.8,,
2016-12-10T06:32:07Z,-37.818207,145.165481,,19.261,,,0,network,,,,,,
2016-12-10T06:32:10Z,-37.817990,145.165482,134.5,3.2,77.47,2.383164,9,gps,0.87,1.20,1.49,-3.8,,
2016-12-10T06:32:12Z,-37.817955,145.165507,132.6,3.2,17.89,0.7607595,9,gps,0.87,1.20,1.49,-3.8,,
2016-12-10T06:32:14Z,-37.817943,145.165552,131.7,3.2,85.71,1.5534316,9,gps,0.87,1.20,1.49,-3.8,,
2016-12-10T06:32:16Z,-37.817935,145.165615,129.7,3.1,82.74,2.5252273,9,gps,0.87,1.20,1.49,-3.8,,
2016-12-10T06:32:18Z,-37.817940,145.165700,129.4,3.0,94.68,2.5530221,9,gps,0.87,1.20,1.49,-3.8,,
2016-12-10T06:32:18Z,-37.818265,145.165653,,28.21,,,0,network,,,,,,
2016-12-10T06:32:21Z,-37.817945,145.165825,129.0,3.0,94.68,2.3008084,9,gps,0.87,1.20,1.49,-3.8,,
2016-12-10T06:32:23Z,-37.817950,145.165858,126.4,3.1,224.44,1.8303522,9,gps,0.87,1.20,1.49,-3.8,,
2016-12-10T06:32:25Z,-37.817948,145.165870,122.6,3.0,208.74,0.6439175,9,gps,0.87,1.20,1.49,-3.8,,
2016-12-10T06:32:27Z,-37.817952,145.165917,121.3,3.0,99.45,1.6193161,9,gps,0.87,1.20,1.49,-3.8,,
2016-12-10T06:32:20Z,-37.817869,145.165998,,23.397,,,0,network,,,,,,
2016-12-10T06:32:30Z,-37.817955,145.166015,119.7,3.0,101.58,2.1664658,9,gps,0.87,1.20,1.49,-3.8,,
2016-12-10T06:32:32Z,-37.817960,145.166088,119.2,2.9,100.32,2.2910285,9,gps,0.87,1.20,1.49,-3.8,,
2016-12-10T06:32:34Z,-37.817960,145.166155,119.9,2.9,87.35,2.4058115,9,gps,0.87,1.20,1.49,-3.8,,
2016-12-10T06:32:36Z,-37.817958,145.166223,122.1,2.8,95.36,2.0748453,9,gps,0.87,1.20,1.49,-3.8,,
2016-12-10T06:32:38Z,-37.817958,145.166275,121.9,2.8,83.2,1.6239486,9,gps,0.87,1.20,1.49,-3.8,,
2016-12-10T06:32:40Z,-37.817950,145.166355,123.6,2.8,75.2,3.368857,9,gps,0.87,1.20,1.49,-3.8,,
2016-12-10T06:32:42Z,-37.817953,145.166415,123.0,2.8,119.97,1.1715078,9,gps,0.87,1.20,1.49,-3.8,,
2016-12-10T06:32:44Z,-37.817960,145.166485,123.4,2.8,93.08,2.3898554,8,gps,0.97,1.22,1.56,-3.8,,
2016-12-10T06:32:46Z,-37.817950,145.166558,124.5,2.7,79.89,3.173777,9,gps,0.87,1.20,1.49,-3.8,,
2016-12-10T06:32:48Z,-37.817950,145.166617,122.5,2.8,94.11,2.1314647,9,gps,0.87,1.20,1.49,-3.8,,
2016-12-10T06:32:50Z,-37.817942,145.166673,121.9,2.8,77.14,1.9055017,9,gps,0.87,1.20,1.49,-3.8,,
2016-12-10T06:32:50Z,-37.818526,145.166861,,21.132,,,0,network,,,,,,
2016-12-10T06:32:53Z,-37.817943,145.166787,125.8,2.7,119.74,0.9769428,9,gps,0.87,1.20,1.49,-3.8,,
2016-12-10T06:32:55Z,-37.817958,145.166845,125.3,2.7,94.41,2.0465355,9,gps,0.87,1.20,1.49,-3.8,,
2016-12-10T06:32:56Z,-37.817963,145.166885,125.9,2.7,90.52,2.9586234,9,gps,0.87,1.20,1.49,-3.8,,
2016-12-10T06:32:58Z,-37.817970,145.166955,127.4,2.7,92.99,2.4320624,8,gps,0.97,1.22,1.55,-3.8,,
2016-12-10T06:33:00Z,-37.817973,145.167037,127.8,2.7,87.31,2.7115567,9,gps,,,,-3.8,,
2016-12-10T06:33:02Z,-37.817982,145.167113,128.4,2.7,93.4,2.4315479,9,gps,0.87,1.20,1.49,-3.8,,
2016-12-10T06:33:04Z,-37.817985,145.167187,129.5,2.6,89.6,2.6394956,9,gps,0.87,1.20,1.48,-3.8,,
2016-12-10T06:33:06Z,-37.817995,145.167253,129.9,2.7,164.85,2.0331528,9,gps,0.87,1.20,1.49,-3.8,,
2016-12-10T06:33:08Z,-37.817997,145.167313,131.2,2.7,89.94,2.4027233,9,gps,0.87,1.20,1.49,-3.8,,
2016-12-10T06:33:10Z,-37.817993,145.167383,130.3,2.7,86.24,2.7939122,9,gps,0.87,1.20,1.48,-3.8,,
2016-12-10T06:33:12Z,-37.817993,145.167452,129.4,2.6,90.52,2.7903092,8,gps,0.97,1.22,1.55,-3.8,,
2016-12-10T06:33:13Z,-37.817993,145.167485,129.3,2.7,91.16,2.7825882,9,gps,0.87,1.20,1.48,-3.8,,
2016-12-10T06:33:15Z,-37.817992,145.167547,129.2,2.6,75.96,3.7548985,9,gps,0.87,1.20,1.48,-3.8,,
2016-12-10T06:33:16Z,-37.817987,145.167588,129.1,2.7,77.75,4.3633003,9,gps,0.87,1.20,1.48,-3.8,,
2016-12-10T06:33:18Z,-37.817997,145.167655,127.8,2.7,148.15,1.8952072,9,gps,0.87,1.20,1.49,-3.8,,
2016-12-10T06:33:19Z,-37.818003,145.167677,127.9,2.7,113.1,1.8972661,9,gps,0.87,1.20,1.48,-3.8,,
2016-12-10T06:33:21Z,-37.818005,145.167732,127.0,2.6,88.94,2.5010352,9,gps,0.87,1.20,1.48,-3.8,,
2016-12-10T06:33:23Z,-37.818008,145.167783,127.3,2.6,98.98,2.2853668,9,gps,0.87,1.20,1.48,-3.8,,
2016-12-10T06:33:25Z,-37.818003,145.167832,127.6,2.6,94.31,2.4047823,9,gps,0.87,1.20,1.48,-3.8,,
2016-12-10T06:33:27Z,-37.818002,145.167900,127.6,2.6,96.68,3.3024578,9,gps,0.87,1.20,1.48,-3.8,,
2016-12-10T06:33:29Z,-37.817995,145.167937,125.7,2.6,177.91,0.0,9,gps,0.87,1.20,1.48,-3.8,,
2016-12-10T06:33:30Z,-37.817992,145.167957,125.3,2.6,92.11,0.0,9,gps,0.87,1.20,1.48,-3.8,,
2016-12-10T06:33:32Z,-37.817987,145.168017,124.2,2.7,89.11,2.2889698,9,gps,0.87,1.20,1.48,-3.8,,
2016-12-10T06:33:34Z,-37.817987,145.168077,123.3,2.7,90.89,2.8114128,9,gps,0.87,1.20,1.48,-3.8,,
2016-12-10T06:33:36Z,-37.817985,145.168135,122.7,2.7,81.58,2.2730134,9,gps,0.87,1.20,1.48,-3.8,,
2016-12-10T06:33:38Z,-37.817988,145.168197,125.5,2.7,111.75,2.607068,9,gps,0.87,1.20,1.48,-3.8,,
2016-12-10T06:33:40Z,-37.817995,145.168270,125.9,2.6,111.13,1.4479136,9,gps,0.87,1.20,1.48,-3.8,,
2016-12-10T06:33:42Z,-37.818000,145.168327,125.3,2.6,88.4,2.521624,9,gps,0.87,1.20,1.48,-3.8,,
2016-12-10T06:33:44Z,-37.817988,145.168380,125.1,2.6,98.49,1.9353555,9,gps,0.87,1.20,1.48,-3.8,,
2016-12-10T06:33:46Z,-37.817990,145.168442,125.5,2.7,94.94,2.0542564,9,gps,0.87,1.20,1.48,-3.8,,
2016-12-10T06:33:47Z,-37.817988,145.168475,124.5,2.7,93.73,2.4500778,9,gps,0.87,1.20,1.48,-3.8,,
2016-12-10T06:33:49Z,-37.817985,145.168530,123.0,2.7,90.34,3.9623318,9,gps,0.87,1.20,1.48,-3.8,,
2016-12-10T06:33:51Z,-37.817982,145.168640,121.9,2.8,82.78,4.549115,9,gps,0.87,1.20,1.48,-3.8,,
2016-12-10T06:33:53Z,-37.817968,145.168730,121.0,3.0,81.8,3.133114,9,gps,0.87,1.20,1.48,-3.8,,
2016-12-10T06:33:55Z,-37.817963,145.168782,121.6,2.9,89.26,2.3589718,9,gps,0.87,1.20,1.48,-3.8,,
2016-12-10T06:33:57Z,-37.817962,145.168840,122.2,2.9,83.71,1.7948364,9,gps,0.87,1.20,1.48,-3.8,,
2016-12-10T06:33:59Z,-37.817977,145.168893,126.7,2.8,92.91,1.9204286,9,gps,0.87,1.20,1.48,-3.8,,
2016-12-10T06:33:59Z,-37.817849,145.168758,,20.011,,,0,network,,,,,,
2016-12-10T06:34:02Z,-37.817972,145.168973,128.3,2.8,359.73,2.214335,9,gps,0.87,1.20,1.48,-3.8,,
2016-12-10T06:34:04Z,-37.817950,145.169005,127.6,3.0,40.4,1.3357042,9,gps,0.87,1.20,1.48,-3.8,,
2016-12-10T06:34:06Z,-37.817950,145.169067,125.2,3.0,93.74,1.921458,9,gps,0.87,1.20,1.48,-3.8,,
2016-12-10T06:34:08Z,-37.817943,145.169123,124.5,2.9,92.37,2.3008084,9,gps,0.87,1.20,1.48,-3.8,,
2016-12-10T06:34:10Z,-37.817948,145.169175,123.7,2.9,79.25,2.290514,9,gps,0.87,1.20,1.48,-3.8,,
2016-12-10T06:34:12Z,-37.817948,145.169253,123.8,2.9,76.61,3.9355662,9,gps,0.87,1.20,1.48,-3.8,,
2016-12-10T06:34:14Z,-37.818003,145.169367,126.7,2.9,124.61,4.80802,9,gps,0.87,1.20,1.48,-3.8,,
2016-12-10T06:34:16Z,-37.818022,145.169435,126.2,2.9,97.51,2.721851,9,gps,0.87,1.20,1.48,-3.8,,
2016-12-10T06:34:18Z,-37.818033,145.169497,128.6,2.8,85.48,2.5705228,9,gps,0.87,1.20,1.48,-3.8,,
2016-12-10T06:34:20Z,-37.818042,145.169555,129.5,2.8,94.16,2.344045,9,gps,0.87,1.20,1.48,-3.8,,
2016-12-10T06:34:22Z,-37.818042,145.169610,129.1,2.7,74.28,2.3080144,9,gps,0.87,1.20,1.48,-3.8,,
2016-12-10T06:34:22Z,-37.818491,145.169362,,27.726,,,0,network,,,,,,
2016-12-10T06:34:25Z,-37.818028,145.169718,130.3,2.7,123.6,1.3671023,9,gps,0.87,1.20,1.48,-3.8,,
2016-12-10T06:34:26Z,-37.818033,145.169743,129.9,2.7,104.91,1.8020425,9,gps,0.87,1.20,1.48,-3.8,,
2016-12-10T06:34:28Z,-37.818037,145.169805,129.7,2.7,86.96,3.0523028,9,gps,0.87,,,-3.8,,
2016-12-10T06:34:30Z,-37.818037,145.169872,128.3,2.6,89.89,2.5319185,9,gps,0.87,1.20,1.48,-3.8,,
2016-12-10T06:34:32Z,-37.818040,145.169920,127.4,2.7,101.2,1.8777066,9,gps,0.87,1.20,1.48,-3.8,,
2016-12-10T06:34:34Z,-37.818053,145.169983,126.4,2.7,112.29,2.140215,9,gps,0.87,1.20,1.48,-3.8,,
2016-12-10T06:34:36Z,-37.818063,145.170035,126.6,2.7,90.63,2.2745576,9,gps,0.87,1.20,1.48,-3.8,,
2016-12-10T06:34:38Z,-37.818090,145.170028,126.6,2.8,223.79,4.167191,9,gps,0.87,1.20,1.48,-3.8,,
2016-12-10T06:34:40Z,-37.818097,145.170068,128.9,2.8,103.07,1.6455669,9,gps,0.87,1.20,1.48,-3.8,,
2016-12-10T06:34:42Z,-37.818092,145.170125,130.6,2.8,86.38,2.8273692,9,gps,0.87,1.20,1.48,-3.8,,
2016-12-10T06:34:43Z,-37.818080,145.170162,132.2,2.7,87.31,3.0116398,9,gps,0.87,1.20,1.48,-3.8,,
2016-12-10T06:34:45Z,-37.818077,145.170238,132.1,2.7,94.95,3.2247348,9,gps,0.87,1.20,1.48,-3.8,,
2016-12-10T06:34:46Z,-37.818068,145.170262,132.8,2.7,70.62,3.9108593,9,gps,0.87,1.20,1.48,-3.8,,
2016-12-10T06:34:48Z,-37.818062,145.170317,130.7,2.8,119.66,0.9136319,9,gps,0.87,1.20,1.48,-3.8,,
2016-12-10T06:34:50Z,-37.818053,145.170353,127.7,2.8,91.92,0.0,9,gps,0.87,1.20,1.48,-3.8,,
2016-12-10T06:34:52Z,-37.818052,145.170412,126.1,2.7,87.03,1.954915,8,gps,,,,-3.8,,
2016-12-10T06:34:54Z,-37.818043,145.170465,125.5,2.7,86.01,2.5931706,9,gps,0.96,1.30,1.61,-3.8,,
2016-12-10T06:34:56Z,-37.818043,145.170525,126.3,2.7,86.41,2.2055848,9,gps,,,,-3.8,,
2016-12-10T06:34:58Z,-37.818040,145.170597,126.8,2.7,82.46,3.3029726,9,gps,0.87,1.20,1.48,-3.8,,
2016-12-10T06:35:00Z,-37.818028,145.170633,124.3,2.7,286.86,0.8312764,9,gps,0.87,1.19,1.48,-3.8,,
2016-12-10T06:35:01Z,-37.818033,145.170660,125.0,2.7,112.06,1.2801142,9,gps,0.87,1.20,1.48,-3.8,,
2016-12-10T06:35:03Z,-37.818042,145.170723,129.0,2.7,82.94,2.170069,9,gps,0.87,1.20,1.48,-3.8,,
2016-12-10T06:35:05Z,-37.818043,145.170802,130.6,2.7,91.47,2.405297,9,gps,0.87,1.20,1.48,-3.8,,
2016-12-10T06:35:07Z,-37.818052,145.170867,131.6,2.6,96.36,1.9765333,9,gps,0.87,1.19,1.48,-3.8,,
2016-12-10T06:35:09Z,-37.818063,145.170947,133.3,2.6,99.66,2.3522806,9,gps,0.87,1.20,1.48,-3.8,,
2016-12-10T06:35:11Z,-37.818063,145.171023,133.8,2.6,93.56,2.4078705,9,gps,0.87,1.19,1.48,-3.8,,
2016-12-10T06:35:13Z,-37.818068,145.171090,135.8,2.5,102.3,1.8174841,9,gps,0.87,1.20,1.48,-3.8,,
2016-12-10T06:35:14Z,-37.818068,145.171120,135.8,2.5,87.26,2.6173625,9,gps,0.87,1.19,1.48,-3.8,,
2016-12-10T06:35:16Z,-37.818070,145.171175,136.2,2.5,83.15,1.8926336,9,gps,0.87,1.19,1.48,-3.8,,
2016-12-10T06:35:18Z,-37.818063,145.171233,137.1,2.5,91.57,2.3002937,9,gps,0.87,1.19,1.48,-3.8,,
2016-12-10T06:35:20Z,-37.818065,145.171293,138.4,2.5,90.44,2.103155,9,gps,0.87,1.19,1.48,-3.8,,
2016-12-10T06:35:21Z,-37.818383,145.172295,,28.086,,,0,network,,,,,,
2016-12-10T06:35:24Z,-37.818063,145.171417,138.3,2.6,158.91,0.83539414,9,gps,0.87,1.19,1.48,-3.8,,
2016-12-10T06:35:26Z,-37.818062,145.171467,138.0,2.6,81.24,2.165951,9,gps,0.87,1.19,1.48,-3.8,,
2016-12-10T06:35:28Z,-37.818067,145.171538,139.3,2.5,90.97,2.1649218,9,gps,0.87,1.19,1.48,-3.8,,
2016-12-10T06:35:30Z,-37.818062,145.171598,138.2,2.5,96.05,1.1092263,9,gps,0.87,1.19,1.48,-3.8,,
2016-12-10T06:35:32Z,-37.818063,145.171643,139.0,2.5,85.52,1.467473,9,gps,0.87,1.19,1.48,-3.8,,
2016-12-10T06:35:32Z,-37.818434,145.172338,,26.106,,,0,network,,,,,,
2016-12-10T06:35:35Z,-37.818072,145.171738,140.0,2.5,165.09,0.85546833,9,gps,0.87,1.19,1.48,-3.8,,
2016-12-10T06:35:37Z,-37.818070,145.171780,139.3,2.5,95.6,1.9960928,9,gps,0.87,1.19,1.48,-3.8,,
2016-12-10T06:35:39Z,-37.818065,145.171837,137.9,2.6,86.92,2.81656,9,gps,0.87,1.19,1.48,-3.8,,
2016-12-10T06:35:41Z,-37.818065,145.171915,138.7,2.6,91.36,3.4100347,9,gps,1.05,1.19,1.48,-3.8,,
2016-12-10T06:35:43Z,-37.818075,145.171993,139.8,2.7,96.23,4.018951,9,gps,0.87,1.19,1.48,-3.8,,
2016-12-10T06:35:43Z,-37.818434,145.172338,,26.218,,,0,network,,,,,,
2016-12-10T06:35:46Z,-37.818093,145.172073,136.4,2.8,131.36,2.5159621,9,gps,0.87,1.19,1.48,-3.8,,
2016-12-10T06:35:48Z,-37.818105,145.172078,133.8,2.9,300.19,0.0,9,gps,0.87,1.19,1.48,-3.8,,
2016-12-10T06:35:50Z,-37.818097,145.172150,133.7,2.8,86.27,2.2730134,9,gps,0.87,1.19,1.48,-3.8,,
2016-12-10T06:35:52Z,-37.818088,145.172208,132.3,2.8,92.5,2.4948585,9,gps,0.87,1.19,1.48,-3.8,,
2016-12-10T06:35:54Z,-37.818090,145.172265,132.7,2.9,81.11,2.2519097,9,gps,0.87,1.19,1.48,-3.8,,
2016-12-10T06:35:56Z,-37.818088,145.172352,134.9,2.9,89.4,4.2943277,9,gps,1.05,1.31,1.67,-3.8,,
2016-12-10T06:35:58Z,-37.818103,145.172440,137.0,2.9,139.01,0.73090553,9,gps,0.87,1.19,1.48,-3.8,,
2016-12-10T06:36:00Z,-37.818097,145.172483,134.9,2.8,87.37,1.6131394,9,gps,0.87,1.19,1.48,-3.8,,
2016-12-10T06:36:01Z,-37.818098,145.172522,135.4,2.8,88.07,2.6245687,8,gps,0.96,1.30,1.61,-3.8,,
2016-12-10T06:36:03Z,-37.818098,145.172578,135.8,2.9,97.91,2.6111858,9,gps,0.87,1.19,1.48,-3.8,,
2016-12-10T06:36:05Z,-37.818103,145.172637,135.3,3.0,99.05,2.682732,9,gps,0.87,1.19,1.48,-3.8,,
2016-12-10T06:36:06Z,-37.818105,145.172663,135.7,3.0,101.21,3.7389421,9,gps,0.87,1.19,1.48,-3.8,,
2016-12-10T06:36:08Z,-37.818128,145.172715,135.8,3.0,112.06,1.3238655,9,gps,0.87,1.19,1.48,-3.8,,
2016-12-10T06:36:10Z,-37.818130,145.172785,134.5,3.0,93.73,2.0213141,9,gps,0.87,1.19,1.48,-3.8,,
2016-12-10T06:36:12Z,-37.818132,145.172835,134.9,3.0,86.85,1.9163108,9,gps,0.87,1.19,1.48,-3.8,,
2016-12-10T06:36:13Z,-37.818135,145.172863,135.7,3.0,102.37,2.2786753,9,gps,0.87,1.19,1.47,-3.8,,
2016-12-10T06:36:15Z,-37.818130,145.172918,134.0,2.9,113.69,2.0650656,9,gps,0.87,1.19,1.48,-3.8,,
2016-12-10T06:36:17Z,-37.818150,145.172968,136.7,2.8,83.47,1.569388,9,gps,0.87,1.19,1.47,-3.8,,
2016-12-10T06:36:19Z,-37.818142,145.173035,136.9,2.9,79.15,3.6643076,9,gps,0.87,1.19,1.47,-3.8,,
2016-12-10T06:36:21Z,-37.818138,145.173112,135.8,3.0,87.32,3.2499561,9,gps,0.87,1.19,1.47,-3.8,,
2016-12-10T06:36:23Z,-37.818115,145.173123,132.2,3.0,73.31,1.6224045,9,gps,0.87,1.19,1.47,-3.8,,
2016-12-10T06:36:25Z,-37.818102,145.173175,128.5,3.0,67.4,1.9302083,9,gps,0.87,,,-3.8,,
2016-12-10T06:36:27Z,-37.818095,145.173230,126.9,3.0,84.13,2.1469064,9,gps,0.87,,,-3.8,,
2016-12-10T06:36:29Z,-37.818097,145.173277,123.0,3.0,99.28,1.9060163,9,gps,0.87,1.19,1.47,-3.8,,
2016-12-10T06:36:29Z,-37.818059,145.173503,,19.302,,,0,network,,,,,,
2016-12-10T06:36:32Z,-37.818093,145.173383,119.8,3.0,108.9,1.3243803,9,gps,0.87,1.19,1.47,-3.8,,
2016-12-10T06:36:34Z,-37.818090,145.173413,117.4,3.0,69.05,0.0,9,gps,0.87,1.19,1.47,-3.8,,
2016-12-10T06:36:36Z,-37.818087,145.173468,115.4,3.0,94.86,1.306365,9,gps,0.87,1.19,1.47,-3.8,,
2016-12-10T06:36:38Z,-37.818092,145.173518,114.3,3.0,93.69,2.0280056,9,gps,0.87,,,-3.8,,
2016-12-10T06:36:40Z,-37.818085,145.173573,113.4,2.9,71.06,1.7763064,9,gps,0.87,1.19,1.47,-3.8,,
2016-12-10T06:36:40Z,-37.818168,145.173718,,30.8,,,0,network,,,,,,
2016-12-10T06:36:43Z,-37.818085,145.173693,117.8,3.0,69.6,0.5111192,9,gps,0.96,1.19,1.47,-3.8,,
2016-12-10T06:36:45Z,-37.818087,145.173760,119.9,2.9,76.07,1.68623,9,gps,0.87,1.19,1.47,-3.8,,
2016-12-10T06:36:47Z,-37.818093,145.173833,120.9,2.9,81.4,2.2652924,9,gps,0.87,1.19,1.47,-3.8,,
2016-12-10T06:36:49Z,-37.818092,145.173898,122.3,2.9,83.99,2.3280885,8,gps,0.96,1.30,1.62,-3.8,,
2016-12-10T06:36:51Z,-37.818103,145.173958,125.0,2.9,87.64,2.1505094,9,gps,0.87,1.19,1.47,-3.8,,
2016-12-10T06:36:51Z,-37.817707,145.174193,,21.787,,,0,network,,,,,,
2016-12-10T06:36:54Z,-37.818137,145.174097,131.3,2.9,96.52,1.01915,9,gps,0.87,1.19,1.47,-3.8,,
2016-12-10T06:36:55Z,-37.818137,145.174112,130.2,2.9,94.88,0.5234725,9,gps,0.87,1.19,1.47,-3.8,,
2016-12-10T06:36:56Z,-37.818137,145.174145,130.3,2.9,82.33,2.016167,9,gps,0.87,1.19,1.47,-3.8,,
2016-12-10T06:36:58Z,-37.818133,145.174212,129.9,2.9,86.78,3.0461261,9,gps,0.87,1.19,1.47,-3.8,,
2016-12-10T06:37:00Z,-37.818145,145.174287,130.9,2.9,95.43,2.3723547,9,gps,0.87,1.19,1.47,-3.8,,
2016-12-10T06:37:02Z,-37.818152,145.174345,132.4,2.9,89.38,2.0316086,9,gps,0.87,,,-3.8,,
2016-12-10T06:37:02Z,-37.817707,145.174193,,30.871,,,0,network,,,,,,
2016-12-10T06:37:05Z,-37.818183,145.174495,139.0,2.9,148.01,2.6302307,9,gps,0.87,1.19,1.47,-3.8,,
2016-12-10T06:37:06Z,-37.818192,145.174507,140.2,2.9,208.91,0.70516944,9,gps,0.87,1.19,1.47,-3.8,,
2016-12-10T06:37:08Z,-37.818197,145.174568,138.5,2.9,91.33,2.8587673,9,gps,0.87,1.19,1.47,-3.8,,
2016-12-10T06:37:10Z,-37.818200,145.174635,137.9,2.9,100.67,3.11304,9,gps,0.87,,,-3.8,,
2016-12-10T06:37:12Z,-37.818200,145.174737,143.2,2.8,89.88,2.7393517,9,gps,0.87,1.19,1.47,-3.8,,
2016-12-10T06:37:14Z,-37.818187,145.174802,142.5,2.8,77.05,3.1125252,9,gps,0.87,1.19,1.47,-3.8,,
2016-12-10T06:37:14Z,-37.818840,145.174408,,25.281,,,0,network,,,,,,
2016-12-10T06:37:17Z,-37.818158,145.174908,143.3,3.0,73.87,1.4741645,9,gps,,,,-3.8,,
2016-12-10T06:37:19Z,-37.818157,145.174963,141.6,2.9,93.41,1.7150544,9,gps,0.87,1.19,1.47,-3.8,,
2016-12-10T06:37:21Z,-37.818153,145.175005,139.7,2.9,92.44,2.2472773,9,gps,0.87,1.19,1.47,-3.8,,
2016-12-10T06:37:23Z,-37.818157,145.175062,139.1,2.9,98.27,2.7285426,9,gps,0.87,1.19,1.47,-3.8,,
2016-12-10T06:37:25Z,-37.818160,145.175110,138.3,2.8,91.37,2.3929436,9,gps,0.87,1.19,1.47,-3.8,,
2016-12-10T06:37:27Z,-37.818155,145.175163,139.8,2.8,87.42,2.6858206,8,gps,0.96,1.31,1.62,-3.8,,
2016-12-10T06:37:29Z,-37.818143,145.175190,137.1,2.8,23.76,0.0,9,gps,0.87,1.19,1.47,-3.8,,
2016-12-10T06:37:31Z,-37.818157,145.175237,139.3,2.8,85.6,1.0731958,9,gps,0.87,1.19,1.47,-3.8,,
2016-12-10T06:37:32Z,-37.818157,145.175252,138.9,2.8,89.28,1.1380508,9,gps,0.87,1.19,1.47,-3.8,,
2016-12-10T06:37:33Z,-37.818158,145.175273,138.6,2.8,93.64,1.1869495,9,gps,0.87,1.19,1.47,-3.8,,
2016-12-10T06:37:35Z,-37.818167,145.175325,139.5,2.8,98.79,1.6450522,9,gps,0.87,1.19,1.47,-3.8,,
2016-12-10T06:37:37Z,-37.818165,145.175395,137.0,2.8,88.24,2.8567083,9,gps,0.87,1.19,1.47,-3.8,,
2016-12-10T06:37:39Z,-37.818165,145.175478,138.4,2.8,93.7,3.585555,9,gps,0.87,,,-3.8,,
2016-12-10T06:37:41Z,-37.818188,145.175532,137.6,2.8,233.86,0.6809775,9,gps,0.87,1.19,1.47,-3.8,,
2016-12-10T06:37:43Z,-37.818200,145.175598,137.4,2.8,102.73,1.7927775,9,gps,0.87,1.19,1.47,-3.8,,
2016-12-10T06:37:45Z,-37.818243,145.175630,133.8,2.8,184.93,3.3997402,9,gps,0.87,1.19,1.47,-3.8,,
2016-12-10T06:37:47Z,-37.818212,145.175715,136.2,2.6,33.02,1.6409345,9,gps,0.87,1.19,1.47,-3.8,,
2016-12-10T06:37:49Z,-37.818173,145.175762,134.7,2.7,25.07,2.3517659,9,gps,0.87,1.19,1.47,-3.8,,
2016-12-10T06:37:41Z,-37.817674,145.175832,,19.915,,,0,network,,,,,,
2016-12-10T06:37:52Z,-37.818103,145.175803,134.6,2.7,4.03,2.39037,9,gps,0.87,1.19,1.47,-3.8,,
2016-12-10T06:37:54Z,-37.818057,145.175807,134.2,2.7,11.42,2.273528,9,gps,0.87,1.19,1.47,-3.8,,
2016-12-10T06:37:55Z,-37.818015,145.175802,136.4,2.6,4.13,2.2045553,9,gps,0.87,1.19,1.47,-3.8,,
2016-12-10T06:37:57Z,-37.817965,145.175805,137.7,2.6,11.05,2.3352947,9,gps,0.87,1.18,1.47,-3.8,,
2016-12-10T06:38:00Z,-37.817888,145.175822,138.1,2.7,12.26,2.266322,9,gps,0.87,1.19,1.47,-3.8,,
2016-12-10T06:38:02Z,-37.817847,145.175848,138.8,2.6,13.37,2.0264614,9,gps,0.87,1.18,1.47,-3.8,,
2016-12-10T06:38:04Z,-37.817805,145.175872,138.8,2.6,28.29,3.212896,9,gps,0.87,1.18,1.47,-3.8,,
2016-12-10T06:38:06Z,-37.817765,145.175895,138.8,2.8,22.96,1.8771919,9,gps,0.87,1.18,1.47,-3.8,,
2016-12-10T06:38:08Z,-37.817798,145.175962,140.8,3.1,141.82,4.015863,9,gps,0.87,1.18,1.47,-3.8,,
2016-12-10T06:38:10Z,-37.817805,145.175930,137.5,3.3,286.74,1.228642,9,gps,0.87,1.18,1.47,-3.8,,
2016-12-10T06:38:12Z,-37.817718,145.175958,136.8,3.0,0.64,2.2817636,9,gps,0.87,1.18,1.47,-3.8,,
2016-12-10T06:38:14Z,-37.817652,145.175975,136.1,2.9,8.8,2.3610308,9,gps,0.87,1.18,1.47,-3.8,,
2016-12-10T06:38:15Z,-37.817615,145.175980,137.9,2.9,30.82,3.505773,9,gps,0.87,,,-3.8,,
2016-12-10T06:38:17Z,-37.817548,145.175983,139.6,2.9,21.77,2.9272254,9,gps,0.87,1.18,1.47,-3.8,,
2016-12-10T06:38:19Z,-37.817490,145.176035,138.9,3.0,45.04,2.5988326,9,gps,0.87,1.18,1.47,-3.8,,
2016-12-10T06:38:21Z,-37.817432,145.176040,139.2,3.1,8.07,2.0712423,9,gps,0.87,1.18,1.47,-3.8,,
2016-12-10T06:38:23Z,-37.817385,145.176037,138.8,3.2,8.62,2.1824222,9,gps,0.87,1.18,1.47,-3.8,,
2016-12-10T06:38:25Z,-37.817342,145.176042,137.0,3.1,18.21,1.8519706,9,gps,0.87,1.18,1.47,-3.8,,
2016-12-10T06:38:25Z,-37.817455,145.175832,,20.48,,,0,network,,,,,,
2016-12-10T06:38:28Z,-37.817260,145.176040,137.1,3.0,26.15,2.5396395,9,gps,0.87,1.18,1.47,-3.8,,
2016-12-10T06:38:30Z,-37.817257,145.176040,134.8,3.1,172.94,0.68355113,9,gps,0.87,1.18,1.47,-3.8,,
2016-12-10T06:38:32Z,-37.817210,145.176008,134.7,3.0,3.56,2.2992642,9,gps,0.87,1.18,1.47,-3.8,,
2016-12-10T06:38:34Z,-37.817158,145.176012,135.0,3.0,16.72,2.7434695,9,gps,0.87,1.18,1.47,-3.8,,
2016-12-10T06:38:36Z,-37.817110,145.176020,134.2,3.0,15.55,2.768176,9,gps,0.87,1.18,1.47,-3.8,,
2016-12-10T06:38:36Z,-37.817279,145.176177,,19.346,,,0,network,,,,,,
2016-12-10T06:38:39Z,-37.817015,145.176073,134.0,3.0,27.63,3.129511,9,gps,0.87,1.18,1.47,-3.8,,
2016-12-10T06:38:41Z,-37.816982,145.176092,131.3,3.0,13.78,1.7294667,9,gps,0.87,1.18,1.47,-3.8,,
2016-12-10T06:38:43Z,-37.816947,145.176107,128.7,3.0,17.64,2.4042675,9,gps,0.87,1.18,1.47,-3.8,,
2016-12-10T06:38:44Z,-37.816923,145.176112,128.2,3.0,13.14,2.699718,9,gps,0.87,1.18,1.47,-3.8,,
2016-12-10T06:38:46Z,-37.816882,145.176118,126.8,3.0,10.38,2.5761847,9,gps,0.87,1.18,1.47,-3.8,,
2016-12-10T06:38:48Z,-37.816840,145.176128,125.5,3.0,13.12,2.6358924,9,gps,0.87,1.18,1.47,-3.8,,
2016-12-10T06:38:48Z,-37.816613,145.176478,,19.884,,,0,network,,,,,,
2016-12-10T06:38:51Z,-37.816778,145.176108,123.6,3.2,276.02,0.9362797,9,gps,0.87,1.18,1.47,-3.8,,
2016-12-10T06:38:53Z,-37.816768,145.176113,120.6,3.2,348.07,0.0,9,gps,0.87,1.18,1.47,-3.8,,
2016-12-10T06:38:55Z,-37.816735,145.176123,119.1,3.2,12.23,1.9616064,9,gps,0.87,1.18,1.47,-3.8,,
2016-12-10T06:38:57Z,-37.816692,145.176130,118.0,3.3,10.93,2.2745576,9,gps,0.87,1.18,1.47,-3.8,,
2016-12-10T06:38:58Z,-37.816663,145.176127,118.5,3.3,2.78,2.2148497,9,gps,0.87,1.18,1.47,-3.8,,
2016-12-10T06:39:00Z,-37.816613,145.176127,120.8,3.3,9.05,2.2503655,9,gps,0.87,1.18,1.47,-3.8,,
2016-12-10T06:38:59Z,-37.816606,145.176349,,19.322,,,0,network,,,,,,
2016-12-10T06:39:03Z,-37.816548,145.176117,122.1,3.3,309.57,1.2687902,9,gps,0.87,1.18,1.47,-3.8,,
2016-12-10T06:39:05Z,-37.816523,145.176103,120.9,3.4,342.81,1.0515774,9,gps,0.87,1.18,1.47,-3.8,,
2016-12-10T06:39:07Z,-37.816497,145.176100,119.8,3.4,352.6,1.1648164,9,gps,0.87,1.18,1.46,-3.8,,
2016-12-10T06:39:09Z,-37.816463,145.176127,118.1,3.4,351.82,0.7921575,9,gps,,,,-3.8,,
2016-12-10T06:39:11Z,-37.816425,145.176145,116.0,3.4,319.53,1.3336452,9,gps,0.87,1.18,1.46,-3.8,,
2016-12-10T06:39:11Z,-37.816270,145.176004,,19.592,,,0,network,,,,,,
2016-12-10T06:39:14Z,-37.816342,145.176052,126.7,3.2,269.78,2.6003766,9,gps,0.87,1.18,1.46,-3.8,,
2016-12-10T06:39:16Z,-37.816287,145.176017,129.3,3.1,297.79,1.9451352,9,gps,0.87,1.18,1.46,-3.8,,
2016-12-10T06:39:18Z,-37.816267,145.175953,129.6,3.0,274.65,2.3527954,9,gps,0.87,1.18,1.46,-3.8,,
2016-12-10T06:39:20Z,-37.816245,145.175885,129.1,3.0,273.8,2.6225097,9,gps,0.87,1.18,1.46,-3.8,,
2016-12-10T06:39:22Z,-37.816235,145.175825,128.4,3.0,271.54,2.711042,9,gps,0.87,1.18,1.46,-3.8,,
2016-12-10T06:39:22Z,-37.816270,145.176004,,20.118,,,0,network,,,,,,
2016-12-10T06:39:25Z,-37.816232,145.175660,128.4,3.1,268.12,4.819344,9,gps,0.87,1.18,1.46,-3.8,,
2016-12-10T06:39:27Z,-37.816228,145.175575,129.7,3.1,278.4,2.7923682,9,gps,0.87,1.18,1.46,-3.8,,
2016-12-10T06:39:29Z,-37.816218,145.175522,130.7,3.0,270.55,2.4351509,9,gps,0.87,,,-3.8,,
2016-12-10T06:39:31Z,-37.816207,145.175478,132.1,3.0,278.03,2.4119883,9,gps,,,,-3.8,,
2016-12-10T06:39:33Z,-37.816198,145.175432,132.7,3.0,272.36,2.3934584,9,gps,,,,-3.8,,
2016-12-10T06:39:33Z,-37.816169,145.175486,,19.21,,,0,network,,,,,,
2016-12-10T06:39:36Z,-37.816208,145.175350,131.8,3.1,258.81,2.369781,8,gps,0.96,1.32,1.63,-3.8,,
2016-12-10T06:39:38Z,-37.816220,145.175345,130.7,3.2,176.29,0.0,9,gps,0.87,1.18,1.46,-3.8,,
2016-12-10T06:39:40Z,-37.816213,145.175320,128.0,3.2,265.29,2.1355824,9,gps,0.87,1.18,1.46,-3.8,,
2016-12-10T06:39:42Z,-37.816205,145.175273,127.6,3.1,273.21,2.3064704,9,gps,0.87,1.18,1.46,-3.8,,
2016-12-10T06:39:43Z,-37.816202,145.175262,127.1,3.1,272.21,2.1000667,9,gps,0.87,1.18,1.46,-3.8,,
2016-12-10T06:39:45Z,-37.816200,145.175212,126.7,3.1,257.97,4.045202,9,gps,0.87,1.18,1.46,-3.8,,
2016-12-10T06:39:46Z,-37.816203,145.175182,126.3,3.1,257.84,3.1454675,9,gps,0.87,1.18,1.46,-3.8,,
2016-12-10T06:39:48Z,-37.816183,145.175143,124.6,3.1,357.81,1.2806289,8,gps,0.96,1.32,1.63,-3.8,,
2016-12-10T06:39:50Z,-37.816160,145.175073,123.9,3.1,279.46,2.3589718,9,gps,0.87,1.18,1.46,-3.8,,
2016-12-10T06:39:51Z,-37.816153,145.175045,123.4,3.1,274.45,2.0707276,9,gps,0.87,1.18,1.46,-3.8,,
2016-12-10T06:39:53Z,-37.816142,145.174985,122.4,3.1,274.89,2.3131616,8,gps,0.87,1.32,1.63,-3.8,,
2016-12-10T06:39:55Z,-37.816133,145.174922,122.1,3.1,272.82,2.5725818,9,gps,0.87,1.18,1.46,-3.8,,
2016-12-10T06:39:55Z,-37.816039,145.174883,,28.799,,,0,network,,,,,,
2016-12-10T06:39:58Z,-37.816127,145.174807,122.9,3.2,270.37,2.8829591,8,gps,0.96,1.32,1.63,-3.8,,
2016-12-10T06:40:00Z,-37.816080,145.174778,116.0,3.3,322.61,1.9091047,9,gps,0.87,1.18,1.46,-3.8,,
2016-12-10T06:40:01Z,-37.816068,145.174765,115.0,3.3,302.38,1.7459378,8,gps,0.96,1.32,1.63,-3.8,,
2016-12-10T06:40:03Z,-37.816058,145.174727,114.1,3.3,284.52,2.282793,8,gps,0.96,1.32,1.63,-3.8,,
2016-12-10T06:40:05Z,-37.816058,145.174662,115.4,3.3,286.6,2.9195044,9,gps,0.87,1.18,1.46,-3.8,,
2016-12-10T06:40:07Z,-37.816065,145.174550,118.6,3.2,278.54,3.9196098,9,gps,0.87,1.18,1.46,-3.8,,
2016-12-10T06:40:07Z,-37.816010,145.174796,,22.455,,,0,network,,,,,,
2016-12-10T06:40:10Z,-37.816043,145.174355,117.8,3.1,277.89,5.590913,8,gps,0.87,,,-3.8,,
2016-12-10T06:40:12Z,-37.816013,145.174253,116.5,3.1,293.41,3.7168093,9,gps,0.87,1.18,1.46,-3.8,,
2016-12-10T06:40:14Z,-37.815988,145.174152,116.3,3.1,281.7,4.291754,9,gps,0.87,1.18,1.46,-3.8,,
2016-12-10T06:40:16Z,-37.815968,145.174037,117.0,3.1,283.06,5.405098,9,gps,0.87,1.18,1.46,-3.8,,
2016-12-10T06:40:18Z,-37.815947,145.173917,115.6,3.1,276.5,4.8260355,8,gps,0.96,1.32,1.63,-3.8,,
2016-12-10T06:40:19Z,-37.815942,145.173853,116.4,3.1,260.88,5.3510523,8,gps,0.96,1.32,1.63,-3.8,,
2016-12-10T06:40:21Z,-37.815940,145.173743,117.1,3.0,287.3,3.611806,9,gps,0.96,,,-3.8,,
2016-12-10T06:40:23Z,-37.815962,145.173678,121.6,2.8,320.36,2.0974932,9,gps,0.87,1.18,1.46,-3.8,,
2016-12-10T06:40:25Z,-37.815938,145.173640,120.3,2.8,294.11,2.33478,9,gps,0.87,1.17,1.46,-3.8,,
2016-12-10T06:40:27Z,-37.815928,145.173572,120.8,2.8,271.86,3.1099517,9,gps,0.87,1.18,1.46,-3.8,,
2016-12-10T06:40:20Z,-37.816217,145.173675,,23.42,,,0,network,,,,,,
2016-12-10T06:40:30Z,-37.815928,145.173477,120.7,2.8,270.23,2.8464139,9,gps,0.87,1.18,1.46,-3.8,,
2016-12-10T06:40:32Z,-37.815928,145.173425,120.3,2.8,272.69,2.6266274,9,gps,0.87,1.18,1.46,-3.8,,
2016-12-10T06:40:34Z,-37.815933,145.173387,119.7,2.9,272.04,2.225659,7,gps,1.25,1.89,2.27,-3.8,,
2016-12-10T06:40:36Z,-37.815930,145.173340,119.7,2.9,277.95,2.4155915,8,gps,0.96,1.32,1.63,-3.8,,
2016-12-10T06:40:38Z,-37.815928,145.173285,119.4,2.9,264.47,2.27919,8,gps,0.96,1.32,1.63,-3.8,,
2016-12-10T06:40:38Z,-37.816144,145.173244,,25.967,,,0,network,,,,,,
2016-12-10T06:40:41Z,-37.815927,145.173197,120.4,2.9,355.3,1.5503433,8,gps,0.96,1.32,1.63,-3.8,,
2016-12-10T06:40:43Z,-37.815902,145.173160,118.5,3.0,288.42,2.1062434,8,gps,0.96,1.32,1.63,-3.8,,
2016-12-10T06:40:45Z,-37.815888,145.173092,118.1,3.0,273.72,2.57567,9,gps,0.87,1.17,1.46,-3.8,,
2016-12-10T06:40:47Z,-37.815880,145.173023,117.9,3.0,271.1,2.4521368,8,gps,0.96,1.32,1.63,-3.8,,
2016-12-10T06:40:49Z,-37.815873,145.172958,117.3,3.0,272.09,2.605009,8,gps,0.96,1.32,1.63,-3.8,,
2016-12-10T06:40:49Z,-37.816159,145.173071,,21.572,,,0,network,,,,,,
2016-12-10T06:40:52Z,-37.815890,145.172820,118.6,3.0,267.0,3.7770317,9,gps,0.87,1.17,1.46,-3.8,,
2016-12-10T06:40:54Z,-37.815883,145.172767,118.4,3.0,294.92,1.6846858,9,gps,0.87,1.17,1.46,-3.8,,
2016-12-10T06:40:56Z,-37.815875,145.172717,118.7,3.0,275.89,2.5077267,9,gps,0.87,1.17,1.46,-3.8,,
2016-12-10T06:40:58Z,-37.815857,145.172653,118.3,2.9,277.04,2.6817029,8,gps,0.96,1.32,1.63,-3.8,,
2016-12-10T06:40:59Z,-37.815857,145.172627,118.4,2.9,271.57,2.2647777,8,gps,0.96,1.32,1.63,-3.8,,
2016-12-10T06:41:01Z,-37.815848,145.172567,118.5,2.9,271.57,2.6168478,9,gps,0.87,1.17,1.46,-3.8,,
2016-12-10T06:41:01Z,-37.816086,145.173071,,23.459,,,0,network,,,,,,
2016-12-10T06:41:04Z,-37.815853,145.172473,119.2,3.0,7.11,1.0958436,8,gps,0.96,1.32,1.63,-3.8,,
2016-12-10T06:41:06Z,-37.815835,145.172425,118.2,3.1,283.71,3.1923072,8,gps,0.87,1.17,1.46,-3.8,,
2016-12-10T06:41:08Z,-37.815830,145.172335,118.9,3.1,273.38,4.208884,9,gps,0.87,1.17,1.46,-3.8,,
2016-12-10T06:41:10Z,-37.815815,145.172223,118.2,3.0,273.28,4.4374204,9,gps,0.87,1.17,1.46,-3.8,,
2016-12-10T06:41:12Z,-37.815802,145.172118,117.9,3.0,277.9,4.762725,9,gps,0.87,1.17,1.46,-3.8,,
2016-12-10T06:41:12Z,-37.815738,145.172036,,19.138,,,0,network,,,,,,
2016-12-10T06:41:15Z,-37.815792,145.171948,118.7,3.0,271.14,4.980452,9,gps,0.87,1.17,1.46,-3.8,,
2016-12-10T06:41:17Z,-37.815747,145.171823,119.5,3.2,300.44,5.6094427,9,gps,0.87,1.17,1.46,-3.8,,
2016-12-10T06:41:19Z,-37.815728,145.171750,119.2,3.2,281.65,4.2232957,9,gps,0.87,1.17,1.46,-3.8,,
2016-12-10T06:41:21Z,-37.815715,145.171683,119.5,3.3,278.29,3.6926172,9,gps,0.86,0.76,1.15,-3.8,,
2016-12-10T06:41:23Z,-37.815710,145.171627,119.7,3.4,278.15,3.0152428,8,gps,1.08,0.84,1.37,-3.8,,
2016-12-10T06:41:23Z,-37.815695,145.171260,,19.984,,,0,network,,,,,,
2016-12-10T06:41:26Z,-37.815713,145.171542,121.3,3.4,337.35,1.534387,9,gps,0.87,1.17,1.46,-3.8,,
2016-12-10T06:41:28Z,-37.815695,145.171488,120.9,3.4,281.23,2.259116,9,gps,0.86,0.76,1.15,-3.8,,
2016-12-10T06:41:30Z,-37.815693,145.171435,120.3,3.3,270.22,2.688394,9,gps,0.87,1.17,1.46,-3.8,,
2016-12-10T06:41:32Z,-37.815692,145.171377,119.9,3.4,271.01,2.807295,9,gps,0.87,1.17,1.46,-3.8,,
2016-12-10T06:41:33Z,-37.815702,145.171357,120.3,3.3,273.81,2.0980077,8,gps,1.08,0.84,1.37,-3.8,,
2016-12-10T06:41:35Z,-37.815713,145.171317,120.7,3.2,274.71,2.3023524,9,gps,0.86,0.76,1.15,-3.8,,
2016-12-10T06:41:35Z,-37.815812,145.171174,,19.732,,,0,network,,,,,,
2016-12-10T06:41:38Z,-37.815733,145.171217,119.9,3.4,261.37,3.4105494,9,gps,0.86,0.76,1.15,-3.8,,
2016-12-10T06:41:40Z,-37.815753,145.171152,118.8,3.5,253.03,3.322532,9,gps,0.86,0.76,1.15,-3.8,,
2016-12-10T06:41:42Z,-37.815712,145.171060,119.3,3.3,275.27,2.366178,9,gps,0.86,0.76,1.15,-3.8,,
2016-12-10T06:41:44Z,-37.815697,145.171027,119.5,3.2,274.58,2.7532492,9,gps,0.87,1.17,1.45,-3.8,,
2016-12-10T06:41:46Z,-37.815687,145.170977,119.6,3.2,273.21,2.6374366,9,gps,0.87,1.17,1.45,-3.8,,
2016-12-10T06:41:46Z,-37.815564,145.171087,,19.653,,,0,network,,,,,,
2016-12-10T06:41:49Z,-37.815700,145.170840,120.1,3.2,258.21,5.925997,9,gps,0.86,1.17,1.45,-3.8,,
2016-12-10T06:41:51Z,-37.815682,145.170773,121.0,3.1,289.6,2.8428109,9,gps,0.87,1.17,1.45,-3.8,,
2016-12-10T06:41:53Z,-37.815660,145.170703,121.3,3.1,275.79,3.09451,9,gps,0.87,1.17,1.45,-3.8,,
2016-12-10T06:41:55Z,-37.815650,145.170637,121.2,3.0,274.04,2.9714913,9,gps,0.87,1.17,1.45,-3.8,,
2016-12-10T06:41:57Z,-37.815647,145.170577,121.6,3.1,274.83,3.455845,9,gps,0.87,1.17,1.45,-3.8,,
2016-12-10T06:41:59Z,-37.815640,145.170510,121.4,3.0,276.53,3.996818,9,gps,0.87,1.17,1.45,-3.8,,
2016-12-10T06:42:01Z,-37.815610,145.170460,121.0,3.1,313.27,1.9935192,8,gps,1.08,0.84,1.37,-3.8,,
2016-12-10T06:42:03Z,-37.815598,145.170405,120.8,3.1,271.04,2.9467847,9,gps,0.86,0.76,1.15,-3.8,,
2016-12-10T06:42:05Z,-37.815593,145.170327,120.8,3.0,273.51,4.1378517,9,gps,0.86,1.17,1.45,-3.8,,
2016-12-10T06:42:07Z,-37.815585,145.170227,120.2,3.0,272.93,4.556321,9,gps,0.86,1.17,1.45,-3.8,,
2016-12-10T06:42:09Z,-37.815568,145.170123,120.0,3.0,276.57,5.0818524,9,gps,0.86,0.76,1.15,-3.8,,
2016-12-10T06:42:09Z,-37.815726,145.170484,,29.255,,,0,network,,,,,,
2016-12-10T06:42:12Z,-37.815553,145.169923,120.6,3.1,291.94,4.477054,9,gps,0.86,1.17,1.45,-3.8,,
2016-12-10T06:42:14Z,-37.815530,145.169825,119.0,3.1,280.83,4.8672132,9,gps,0.86,0.76,1.15,-3.8,,
2016-12-10T06:42:16Z,-37.815512,145.169718,117.8,3.1,275.58,5.145678,8,gps,1.08,0.84,1.37,-3.8,,
2016-12-10T06:42:18Z,-37.815502,145.169617,116.7,3.2,273.39,4.561468,9,gps,0.86,1.17,1.45,-3.8,,
2016-12-10T06:42:20Z,-37.815493,145.169517,115.8,3.2,275.96,4.735959,9,gps,0.86,0.76,1.15,-3.8,,
2016-12-10T06:42:20Z,-37.815392,145.169276,,19.292,,,0,network,,,,,,
2016-12-10T06:42:23Z,-37.815487,145.169353,115.3,3.4,267.3,5.2640643,9,gps,0.86,0.76,1.15,-3.8,,
2016-12-10T06:42:25Z,-37.815478,145.169278,114.5,3.5,303.36,2.1463916,8,gps,1.08,0.84,1.37,-3.8,,
2016-12-10T06:42:26Z,-37.815467,145.169263,114.3,3.5,304.32,1.8107928,9,gps,0.86,0.76,1.15,-3.8,,
2016-12-10T06:42:28Z,-37.815443,145.169213,113.7,3.3,272.33,2.7810442,9,gps,0.86,0.76,1.15,-3.8,,
2016-12-10T06:42:30Z,-37.815432,145.169150,113.2,3.2,274.99,3.1325994,9,gps,0.86,1.17,1.45,-3.8,,
2016-12-10T06:42:32Z,-37.815425,145.169083,113.3,3.2,270.19,2.9086952,9,gps,0.86,1.17,1.45,-3.8,,
2016-12-10T06:42:32Z,-37.815524,145.169017,,22.171,,,0,network,,,,,,
2016-12-10T06:42:35Z,-37.815428,145.168950,113.2,3.0,256.81,5.8858485,9,gps,0.86,1.17,1.45,-3.8,,
2016-12-10T06:42:37Z,-37.815425,145.168900,113.4,3.0,281.3,2.5998619,9,gps,0.86,1.17,1.45,-3.8,,
2016-12-10T06:42:39Z,-37.815415,145.168847,114.1,3.0,276.31,2.8767824,9,gps,0.86,1.17,1.45,-3.8,,
2016-12-10T06:42:41Z,-37.815410,145.168787,114.7,2.9,272.62,2.6039798,9,gps,0.86,0.76,1.15,-3.8,,
2016-12-10T06:42:43Z,-37.815412,145.168733,115.2,2.9,279.26,3.214955,9,gps,1.20,1.55,1.96,-3.8,,
2016-12-10T06:42:43Z,-37.815364,145.168758,,22.302,,,0,network,,,,,,
2016-12-10T06:42:46Z,-37.815403,145.168632,116.8,3.0,278.7,0.0,9,gps,0.86,1.17,1.45,-3.8,,
2016-12-10T06:42:48Z,-37.815402,145.168590,116.3,3.0,268.62,2.3126469,9,gps,0.86,0.76,1.15,-3.8,,
2016-12-10T06:42:50Z,-37.815393,145.168532,115.6,3.0,276.37,3.1773803,9,gps,0.86,1.16,1.45,-3.8,,
2016-12-10T06:42:52Z,-37.815380,145.168467,115.5,2.8,274.33,2.8417814,9,gps,0.86,1.16,1.45,-3.8,,
2016-12-10T06:42:54Z,-37.815372,145.168407,115.4,2.8,270.97,2.8011184,9,gps,0.86,0.76,1.15,-3.8,,
2016-12-10T06:42:54Z,-37.815408,145.168672,,19.237,,,0,network,,,,,,
2016-12-10T06:42:57Z,-37.815353,145.168328,114.7,2.9,276.28,2.53861,9,gps,0.86,1.16,1.45,-3.8,,
2016-12-10T06:42:58Z,-37.815342,145.168312,114.7,3.1,304.74,2.0671244,9,gps,0.86,0.76,1.15,-3.8,,
2016-12-10T06:43:00Z,-37.815360,145.168338,115.1,3.2,304.74,0.0,9,gps,0.86,0.76,1.15,-3.8,,
2016-12-10T06:43:01Z,-37.815352,145.168308,115.1,3.2,304.74,0.0,9,gps,0.86,0.76,1.15,-3.8,,
2016-12-10T06:43:03Z,-37.815352,145.168277,114.8,3.2,274.56,1.8339553,9,gps,0.86,0.76,1.15,-3.8,,
2016-12-10T06:43:05Z,-37.815348,145.168232,114.7,3.2,271.35,2.6719232,9,gps,0.86,0.76,1.15,-3.8,,
2016-12-10T06:43:07Z,-37.815347,145.168128,114.5,3.3,267.02,5.5770154,9,gps,0.86,1.16,1.45,-3.8,,
2016-12-10T06:43:09Z,-37.815358,145.168017,113.8,3.4,258.51,2.2055848,9,gps,0.86,0.76,1.15,-3.8,,
2016-12-10T06:43:11Z,-37.815338,145.167920,113.4,3.4,276.09,4.0627027,9,gps,0.86,1.16,1.45,-3.8,,
2016-12-10T06:43:13Z,-37.815320,145.167800,113.1,3.3,276.58,5.6362085,9,gps,0.86,1.16,1.45,-3.8,,
2016-12-10T06:43:14Z,-37.815308,145.167735,113.0,3.3,279.31,5.788566,9,gps,0.86,1.16,1.45,-3.8,,
2016-12-10T06:43:16Z,-37.815285,145.167605,112.7,3.2,275.85,5.5162783,9,gps,0.86,1.16,1.45,-3.8,,
2016-12-10T06:43:16Z,-37.815381,145.167292,,19.222,,,0,network,,,,,,
2016-12-10T06:43:19Z,-37.815253,145.167377,113.5,3.1,278.65,6.7392583,9,gps,0.86,0.76,1.15,-3.8,,
2016-12-10T06:43:21Z,-37.815202,145.167243,113.5,3.3,302.61,6.023794,9,gps,0.86,0.76,1.15,-3.8,,
2016-12-10T06:43:23Z,-37.815192,145.167190,112.9,3.2,279.91,3.1048045,9,gps,0.86,1.16,1.45,-3.8,,
2016-12-10T06:43:25Z,-37.815178,145.167135,112.7,3.2,276.47,2.790824,9,gps,0.86,1.16,1.45,-3.8,,
2016-12-10T06:43:27Z,-37.815165,145.167080,112.9,3.2,266.1,2.94627,9,gps,0.86,1.16,1.45,-3.8,,
2016-12-10T06:43:27Z,-37.815309,145.166861,,19.336,,,0,network,,,,,,
2016-12-10T06:43:30Z,-37.815155,145.166985,114.0,3.2,15.22,2.2462478,9,gps,0.86,1.16,1.45,-3.8,,
2016-12-10T06:43:32Z,-37.815145,145.166947,113.7,3.3,278.43,0.0,9,gps,0.86,1.16,1.45,-3.8,,
2016-12-10T06:43:34Z,-37.815140,145.166880,113.5,3.3,278.03,3.292678,9,gps,0.86,0.76,1.15,-3.8,,
2016-12-10T06:43:36Z,-37.815127,145.166818,113.7,3.2,285.69,2.9390638,9,gps,0.86,1.16,1.45,-3.8,,
2016-12-10T06:43:37Z,-37.815118,145.166790,113.7,3.2,285.94,2.9411228,9,gps,0.86,0.76,1.15,-3.8,,
2016-12-10T06:43:39Z,-37.815098,145.166725,113.8,3.2,275.42,4.911994,9,gps,0.86,1.16,1.45,-3.8,,
2016-12-10T06:43:41Z,-37.815097,145.166655,114.1,3.3,276.63,3.452242,9,gps,0.86,1.16,1.45,-3.8,,
2016-12-10T06:43:43Z,-37.815092,145.166625,114.7,3.3,263.74,1.1555514,9,gps,0.86,0.76,1.15,-3.8,,
2016-12-10T06:43:45Z,-37.815070,145.166607,114.9,3.4,306.43,1.8880011,9,gps,0.86,0.76,1.15,-3.8,,
2016-12-10T06:43:47Z,-37.815040,145.166577,115.1,3.4,306.37,2.2951465,9,gps,0.86,0.76,1.15,-3.8,,
2016-12-10T06:43:48Z,-37.815023,145.166560,115.2,3.4,309.87,2.2668366,9,gps,0.86,1.16,1.45,-3.8,,
2016-12-10T06:43:50Z,-37.814985,145.166530,115.6,3.4,300.36,3.3472385,9,gps,0.86,1.16,1.45,-3.8,,
2016-12-10T06:43:52Z,-37.814958,145.166495,115.7,3.4,26.27,2.750161,9,gps,0.86,1.16,1.45,-3.8,,
2016-12-10T06:43:54Z,-37.814935,145.166478,116.7,3.3,335.13,1.6733619,9,gps,0.86,1.16,1.45,-3.8,,
2016-12-10T06:43:56Z,-37.814900,145.166448,116.8,3.3,319.1,2.4614017,9,gps,0.86,0.76,1.15,-3.8,,
2016-12-10T06:43:58Z,-37.814860,145.166407,117.1,3.2,320.45,2.7079537,9,gps,0.86,0.76,1.15,-3.8,,
2016-12-10T06:44:00Z,-37.814825,145.166378,117.4,3.2,333.3,2.5489044,9,gps,0.86,1.16,1.45,-3.8,,
2016-12-10T06:44:00Z,-37.814594,145.166257,,19.319,,,0,network,,,,,,
2016-12-10T06:44:03Z,-37.814763,145.166342,118.2,3.2,59.56,2.7882502,9,gps,0.86,1.16,1.45,-3.8,,
2016-12-10T06:44:05Z,-37.814717,145.166315,118.6,3.3,342.75,0.0,9,gps,0.86,0.76,1.15,-3.8,,
2016-12-10T06:44:07Z,-37.814675,145.166283,118.9,3.3,315.89,2.4567692,9,gps,0.86,0.76,1.15,-3.8,,
2016-12-10T06:44:09Z,-37.814645,145.166230,119.4,3.3,290.33,2.325515,9,gps,0.86,0.76,1.15,-3.8,,
2016-12-10T06:44:11Z,-37.814627,145.166165,119.6,3.4,278.72,3.2653978,9,gps,,,,-3.8,,
2016-12-10T06:44:11Z,-37.814594,145.166257,,21.821,,,0,network,,,,,,
2016-12-10T06:44:14Z,-37.814615,145.166055,120.4,3.5,270.46,1.6939509,9,gps,0.86,0.76,1.15,-3.8,,
2016-12-10T06:44:16Z,-37.814608,145.165985,119.9,3.6,267.74,2.7619994,9,gps,0.86,,,-3.8,,
2016-12-10T06:44:18Z,-37.814583,145.165863,119.6,3.6,278.98,4.78074,9,gps,0.86,1.16,1.44,-3.8,,
2016-12-10T06:44:20Z,-37.814557,145.165742,119.5,3.6,276.82,4.787946,9,gps,0.86,1.16,1.44,-3.8,,
2016-12-10T06:44:22Z,-37.814527,145.165615,119.1,3.4,281.67,3.713206,9,gps,0.86,1.16,1.44,-3.8,,
2016-12-10T06:44:22Z,-37.814565,145.166171,,19.715,,,0,network,,,,,,
2016-12-10T06:44:25Z,-37.814473,145.165458,119.0,3.5,287.32,4.087924,9,gps,,,,-3.8,,
2016-12-10T06:44:27Z,-37.814470,145.165412,119.0,3.6,275.53,1.995578,9,gps,0.86,0.76,1.15,-3.8,,
2016-12-10T06:44:29Z,-37.814480,145.165382,118.9,3.6,263.01,1.8483675,9,gps,0.86,0.76,1.15,-3.8,,
2016-12-10T06:44:30Z,-37.814478,145.165355,118.6,3.6,269.55,2.2724986,9,gps,0.86,0.76,1.15,-3.8,,
2016-12-10T06:44:32Z,-37.814472,145.165292,118.4,3.5,274.81,2.7100124,9,gps,0.86,1.16,1.44,-3.8,,
2016-12-10T06:44:34Z,-37.814455,145.165208,118.7,3.3,282.36,2.977668,9,gps,0.86,1.16,1.44,-3.8,,
2016-12-10T06:44:34Z,-37.814596,145.165395,,21.762,,,0,network,,,,,,
2016-12-10T06:44:37Z,-37.814452,145.165088,118.6,3.3,279.85,0.0,9,gps,0.86,0.76,1.15,-3.8,,
2016-12-10T06:44:39Z,-37.814437,145.165020,117.8,3.2,275.64,2.9153867,9,gps,0.86,0.76,1.15,-3.8,,
2016-12-10T06:44:41Z,-37.814430,145.164952,117.6,3.2,276.64,3.5361416,9,gps,0.86,1.16,1.44,-3.8,,
2016-12-10T06:44:43Z,-37.814418,145.164888,117.9,3.0,284.35,2.7455282,9,gps,0.86,1.16,1.44,-3.8,,
2016-12-10T06:44:45Z,-37.814405,145.164825,118.1,3.1,279.63,3.0842156,9,gps,0.86,,,-3.8,,
2016-12-10T06:44:45Z,-37.814428,145.165006,,20.434,,,0,network,,,,,,
2016-12-10T06:44:48Z,-37.814397,145.164740,118.6,3.3,269.02,2.6786144,9,gps,0.86,0.76,1.14,-3.8,,
2016-12-10T06:44:50Z,-37.814388,145.164715,117.9,3.2,275.18,0.0,9,gps,0.86,0.76,1.14,-3.8,,
2016-12-10T06:44:52Z,-37.814383,145.164667,117.4,3.2,276.87,2.507212,9,gps,0.86,0.76,1.14,-3.8,,
2016-12-10T06:44:54Z,-37.814372,145.164602,117.3,3.1,272.79,2.486623,9,gps,0.86,1.16,1.44,-3.8,,
2016-12-10T06:44:56Z,-37.814367,145.164550,116.6,3.0,270.84,2.885018,9,gps,0.86,1.15,1.44,-3.8,,
2016-12-10T06:44:56Z,-37.814320,145.164360,,20.958,,,0,network,,,,,,
2016-12-10T06:44:59Z,-37.814338,145.164417,116.3,3.0,331.36,3.287531,9,gps,0.86,1.15,1.44,-3.8,,
2016-12-10T06:45:01Z,-37.814317,145.164363,116.2,3.0,294.76,2.5118444,9,gps,0.86,1.15,1.44,-3.8,,
2016-12-10T06:45:03Z,-37.814307,145.164308,116.0,3.1,278.7,2.8711205,9,gps,0.86,0.76,1.14,-3.8,,
2016-12-10T06:45:05Z,-37.814303,145.164253,115.8,3.2,273.26,2.8422961,9,gps,,,,-3.8,,
2016-12-10T06:45:07Z,-37.814298,145.164203,115.5,3.2,272.81,2.6250834,9,gps,0.86,1.15,1.44,-3.8,,
2016-12-10T06:45:08Z,-37.814350,145.164015,,20.352,,,0,network,,,,,,
2016-12-10T06:45:10Z,-37.814285,145.164108,115.6,3.3,346.78,2.6976593,9,gps,0.86,1.15,1.44,-3.8,,
2016-12-10T06:45:12Z,-37.814297,145.164103,114.5,3.4,346.78,0.0,9,gps,0.86,1.15,1.44,-3.8,,
2016-12-10T06:45:14Z,-37.814288,145.164108,114.4,3.5,346.78,0.0,9,gps,0.86,0.76,1.14,-3.8,,
2016-12-10T06:45:16Z,-37.814250,145.164118,113.8,3.5,346.78,0.1271364,9,gps,0.86,0.76,1.14,-3.8,,
2016-12-10T06:45:18Z,-37.814222,145.164107,113.4,3.5,346.78,0.11375361,9,gps,0.86,0.76,1.14,-3.8,,
2016-12-10T06:45:18Z,-37.814160,145.164101,,23.777,,,0,network,,,,,,
2016-12-10T06:45:21Z,-37.814202,145.164037,113.2,3.6,266.16,0.0,9,gps,0.86,1.15,1.44,-3.8,,
2016-12-10T06:45:23Z,-37.814170,145.163965,113.4,3.7,303.82,2.6708937,9,gps,0.86,0.76,1.14,-3.8,,
2016-12-10T06:45:25Z,-37.814148,145.163957,113.6,3.8,343.97,1.717628,9,gps,0.86,0.76,1.14,-3.8,,
2016-12-10T06:45:26Z,-37.814132,145.163960,113.5,3.9,0.2,1.6944655,9,gps,0.86,0.76,1.14,-3.8,,
2016-12-10T06:45:28Z,-37.814098,145.163972,113.6,3.9,21.86,1.7181427,9,gps,0.86,0.76,1.14,-3.8,,
2016-12-10T06:45:30Z,-37.814055,145.163988,113.5,3.9,19.75,1.9703567,9,gps,0.86,0.76,1.14,-3.8,,
2016-12-10T06:45:30Z,-37.813882,145.163928,,19.278,,,0,network,,,,,,
2016-12-10T06:45:34Z,-37.813923,145.163998,112.9,3.7,35.56,2.1535978,9,gps,0.86,0.76,1.14,-3.8,,
2016-12-10T06:45:36Z,-37.813885,145.164032,112.5,3.7,38.21,0.0,9,gps,0.86,1.15,1.44,-3.8,,
2016-12-10T06:45:38Z,-37.813863,145.164000,112.5,3.8,38.21,0.12816583,9,gps,0.86,0.76,1.14,-3.8,,
2016-12-10T06:45:40Z,-37.813850,145.163963,112.1,3.9,275.61,2.182937,9,gps,0.86,0.75,1.14,-3.8,,
2016-12-10T06:45:42Z,-37.813830,145.163895,111.6,3.7,275.66,2.7208216,9,gps,0.86,1.15,1.44,-3.8,,
2016-12-10T06:45:43Z,-37.813882,145.163928,,19.28,,,0,network,,,,,,
2016-12-10T06:45:45Z,-37.813790,145.163773,111.6,3.5,352.92,3.8120327,9,gps,0.86,0.75,1.14,-3.8,,
2016-12-10T06:45:46Z,-37.813788,145.163733,111.5,3.5,291.65,2.170069,9,gps,0.86,0.75,1.14,-3.8,,
2016-12-10T06:45:48Z,-37.813780,145.163678,111.6,3.3,281.4,2.1077876,9,gps,0.86,1.15,1.44,-3.8,,
2016-12-10T06:45:49Z,-37.813778,145.163652,111.7,3.3,276.33,2.7558227,9,gps,0.86,1.15,1.44,-3.8,,
2016-12-10T06:45:51Z,-37.813775,145.163597,111.5,3.4,275.87,2.790824,9,gps,0.86,,,-3.8,,
2016-12-10T06:45:53Z,-37.813770,145.163542,111.3,3.4,279.65,3.1140695,9,gps,0.86,1.15,1.44,-3.8,,
2016-12-10T06:45:53Z,-37.813831,145.163885,,21.275,,,0,network,,,,,,
2016-12-10T06:45:56Z,-37.813762,145.163455,111.7,3.4,284.66,0.0,9,gps,0.86,0.75,1.14,-3.8,,
2016-12-10T06:45:58Z,-37.813758,145.163420,111.9,3.5,284.66,0.0,9,gps,0.86,0.75,1.14,-3.8,,
2016-12-10T06:46:00Z,-37.813757,145.163387,112.1,3.3,284.66,0.16677,9,gps,0.86,0.75,1.14,-3.8,,
2016-12-10T06:46:02Z,-37.813747,145.163330,112.4,3.3,276.5,2.3224266,9,gps,0.86,0.75,1.14,-3.8,,
2016-12-10T06:46:04Z,-37.813737,145.163273,112.7,3.3,278.2,2.9509025,9,gps,0.86,1.15,1.44,-3.8,,
2016-12-10T06:46:04Z,-37.813811,145.163066,,19.254,,,0,network,,,,,,
2016-12-10T06:46:07Z,-37.813735,145.163135,112.7,3.3,280.91,3.4759192,9,gps,0.86,0.75,1.14,-3.8,,
2016-12-10T06:46:09Z,-37.813717,145.163083,112.2,3.5,312.85,2.0043283,9,gps,0.86,0.75,1.14,-3.8,,
2016-12-10T06:46:11Z,-37.813710,145.163010,112.1,3.6,273.0,3.2937076,9,gps,0.86,0.75,1.14,-3.8,,
2016-12-10T06:46:13Z,-37.813705,145.162895,111.0,3.6,274.5,5.07722,9,gps,0.86,1.15,1.44,-3.8,,
2016-12-10T06:46:14Z,-37.813688,145.162800,111.1,3.4,271.34,4.685002,9,gps,0.86,1.15,1.44,-3.8,,
2016-12-10T06:46:16Z,-37.813690,145.162687,111.0,3.4,265.72,4.8358154,9,gps,0.86,1.15,1.44,-3.8,,
2016-12-10T06:46:16Z,-37.813811,145.163066,,19.587,,,0,network,,,,,,
2016-12-10T06:46:19Z,-37.813702,145.162502,111.7,3.5,271.52,3.2782657,9,gps,0.86,0.75,1.14,-3.8,,
2016-12-10T06:46:21Z,-37.813692,145.162415,112.1,3.6,283.57,2.8989155,9,gps,0.86,0.75,1.14,-3.8,,
2016-12-10T06:46:23Z,-37.813672,145.162312,112.8,3.6,276.7,4.2876363,9,gps,0.86,0.75,1.14,-3.8,,
2016-12-10T06:46:25Z,-37.813658,145.162218,113.0,3.6,277.06,4.1239543,9,gps,0.86,1.15,1.44,-3.8,,
2016-12-10T06:46:27Z,-37.813647,145.162137,113.4,3.6,280.05,3.3364294,9,gps,0.86,0.75,1.14,-3.8,,
2016-12-10T06:46:27Z,-37.813316,145.161600,,19.234,,,0,network,,,,,,
2016-12-10T06:46:30Z,-37.813648,145.162070,114.3,3.7,265.7,1.9312378,9,gps,0.86,0.75,1.14,-3.8,,
2016-12-10T06:46:31Z,-37.813607,145.162000,114.8,3.6,299.43,3.5958495,9,gps,0.86,0.75,1.14,-3.8,,
2016-12-10T06:46:33Z,-37.813593,145.161942,115.3,3.6,279.42,2.1052139,9,gps,0.86,0.75,1.14,-3.8,,
2016-12-10T06:46:34Z,-37.813593,145.161915,115.6,3.6,255.48,1.7073336,9,gps,0.86,0.75,1.14,-3.8,,
2016-12-10T06:46:36Z,-37.813598,145.161863,116.1,3.6,234.04,1.8725594,9,gps,0.86,0.75,1.14,-3.8,,
2016-12-10T06:46:38Z,-37.813608,145.161810,116.7,3.7,217.25,2.0434473,9,gps,0.86,0.75,1.14,-3.8,,
2016-12-10T06:46:39Z,-37.813966,145.161902,,23.57,,,0,network,,,,,,
2016-12-10T06:46:41Z,-37.813657,145.161773,117.6,3.8,193.66,1.1576103,9,gps,0.86,0.75,1.14,-3.8,,
2016-12-10T06:46:43Z,-37.813677,145.161737,118.1,3.8,254.25,1.7958658,9,gps,0.86,0.75,1.14,-3.8,,
2016-12-10T06:46:45Z,-37.813700,145.161703,118.5,3.9,217.95,1.9204286,9,gps,0.86,0.75,1.14,-3.8,,
2016-12-10T06:46:47Z,-37.813733,145.161677,119.1,3.8,194.14,1.7691003,9,gps,0.86,0.75,1.14,-3.8,,
2016-12-10T06:46:48Z,-37.813750,145.161668,119.3,3.7,198.27,1.7757916,9,gps,0.86,0.75,1.14,-3.8,,
2016-12-10T06:46:50Z,-37.813798,145.161640,119.9,3.7,212.9,2.8659732,9,gps,0.86,0.75,1.14,-3.8,,
2016-12-10T06:46:52Z,-37.813848,145.161615,120.0,3.8,213.38,1.7088778,9,gps,0.86,1.15,1.43,-3.8,,
2016-12-10T06:46:54Z,-37.813892,145.161600,120.1,3.8,213.38,0.0,9,gps,0.86,0.75,1.14,-3.8,,
2016-12-10T06:46:56Z,-37.813927,145.161567,119.1,3.8,252.43,2.0300643,9,gps,0.86,0.75,1.14,-3.8,,
2016-12-10T06:46:58Z,-37.813952,145.161513,119.0,3.7,263.36,2.368237,9,gps,0.86,1.14,1.43,-3.8,,
2016-12-10T06:46:59Z,-37.813953,145.161485,119.3,3.7,267.51,2.618392,9,gps,0.86,1.14,1.43,-3.8,,
2016-12-10T06:47:01Z,-37.813950,145.161430,119.8,3.6,260.45,2.8793561,9,gps,0.86,0.75,1.14,-3.8,,
2016-12-10T06:47:03Z,-37.813958,145.161365,120.6,3.6,262.6,3.0404642,9,gps,0.86,1.14,1.43,-3.8,,
2016-12-10T06:47:05Z,-37.813963,145.161337,121.0,3.6,280.48,0.0,9,gps,0.86,0.75,1.14,-3.8,,
2016-12-10T06:47:07Z,-37.813965,145.161288,121.5,3.5,276.11,1.9888867,9,gps,0.86,0.75,1.14,-3.8,,
2016-12-10T06:47:08Z,-37.813962,145.161262,121.7,3.5,277.37,2.4861083,9,gps,0.86,0.75,1.14,-3.8,,
2016-12-10T06:47:10Z,-37.813952,145.161202,121.8,3.4,283.92,2.7192774,9,gps,0.86,1.14,1.43,-3.8,,
2016-12-10T06:47:12Z,-37.813938,145.161138,121.8,3.4,281.51,2.810898,9,gps,0.86,1.14,1.43,-3.8,,
2016-12-10T06:47:12Z,-37.813844,145.160996,,19.719,,,0,network,,,,,,
2016-12-10T06:47:15Z,-37.813925,145.161070,122.6,3.4,299.07,2.1808782,9,gps,0.86,0.75,1.14,-3.8,,
2016-12-10T06:47:17Z,-37.813928,145.161027,122.5,3.5,288.16,1.0037084,9,gps,0.86,0.75,1.14,-3.8,,
2016-12-10T06:47:19Z,-37.813932,145.160985,122.5,3.5,273.62,1.7639531,9,gps,0.86,0.75,1.14,-3.8,,
2016-12-10T06:47:21Z,-37.813940,145.160942,122.6,3.5,265.24,1.9240316,9,gps,0.86,0.75,1.14,-3.8,,
2016-12-10T06:47:22Z,-37.813943,145.160930,122.7,3.5,265.24,1.084005,9,gps,0.86,1.14,1.43,-3.8,,
2016-12-10T06:47:24Z,-37.813945,145.160902,123.2,3.4,265.24,0.0,9,gps,0.86,0.75,1.14,-3.8,,
2016-12-10T06:47:26Z,-37.813953,145.160893,123.4,3.5,265.24,0.0,9,gps,0.86,0.75,1.14,-3.8,,
2016-12-10T06:47:28Z,-37.813953,145.160893,123.4,3.5,297.56,0.0,9,gps,0.86,0.75,1.14,-3.8,,
2016-12-10T06:47:30Z,-37.813953,145.160893,123.4,3.5,297.56,0.0,9,gps,0.86,0.75,1.14,-3.8,,
2016-12-10T06:47:32Z,-37.813953,145.160893,123.4,3.6,297.56,0.0,9,gps,0.86,0.75,1.14,-3.8,,
2016-12-10T06:47:34Z,-37.813993,145.160823,125.1,3.6,297.56,0.1250775,9,gps,,,,-3.8,,
2016-12-10T06:47:34Z,-37.814020,145.160651,,19.792,,,0,network,,,,,,
2016-12-10T06:47:37Z,-37.814023,145.160772,125.0,3.5,240.11,0.0,9,gps,0.86,0.75,1.14,-3.8,,
2016-12-10T06:47:38Z,-37.814045,145.160760,125.1,3.6,240.11,0.0,9,gps,0.86,0.75,1.14,-3.8,,
2016-12-10T06:47:40Z,-37.814067,145.160737,125.8,3.4,240.11,0.0,9,gps,0.86,0.75,1.14,-3.8,,
2016-12-10T06:47:42Z,-37.814090,145.160735,125.7,3.3,240.11,0.12095972,9,gps,0.86,0.75,1.14,-3.8,,
2016-12-10T06:47:44Z,-37.814115,145.160730,125.3,3.2,240.11,0.11066528,9,gps,0.86,0.75,1.14,-3.8,,
2016-12-10T06:47:46Z,-37.814142,145.160733,124.9,3.2,240.11,0.13125417,9,gps,1.06,0.75,1.14,-3.8,,
2016-12-10T06:47:47Z,-37.814153,145.160737,124.8,3.2,240.11,0.0,8,gps,1.07,0.84,1.35,-3.8,,
2016-12-10T06:47:49Z,-37.814185,145.160775,125.1,3.2,240.11,0.0,9,gps,0.86,0.75,1.14,-3.8,,
2016-12-10T06:47:51Z,-37.814198,145.160777,125.2,3.4,240.11,0.0,9,gps,0.86,1.14,1.43,-3.8,,
2016-12-10T06:47:52Z,-37.814207,145.160777,125.4,3.4,240.11,0.0,9,gps,0.86,0.75,1.14,-3.8,,
2016-12-10T06:47:54Z,-37.814208,145.160775,125.5,3.5,240.11,0.0,8,gps,1.07,0.84,1.35,-3.8,,
